%YAML:1.0
---
Matches:
   - [ 0, 169, 0, 1282. ]
   - [ 1, 182, 0, 2023. ]
   - [ 2, 220, 0, 1910. ]
   - [ 3, 219, 0, 2380. ]
   - [ 4, 191, 0, 2790. ]
   - [ 5, 71, 0, 2178. ]
   - [ 6, 30, 0, 2251. ]
   - [ 7, 41, 0, 2436. ]
   - [ 8, 194, 0, 2785. ]
   - [ 9, 31, 0, 2755. ]
   - [ 10, 194, 0, 2161. ]
   - [ 11, 186, 0, 2835. ]
   - [ 12, 208, 0, 2472. ]
   - [ 13, 69, 0, 2309. ]
   - [ 14, 175, 0, 2512. ]
   - [ 15, 71, 0, 2234. ]
   - [ 16, 173, 0, 2285. ]
   - [ 17, 267, 0, 2889. ]
   - [ 18, 163, 0, 3116. ]
   - [ 19, 46, 0, 3218. ]
   - [ 20, 56, 0, 2083. ]
   - [ 21, 203, 0, 1941. ]
   - [ 22, 98, 0, 3299. ]
   - [ 23, 217, 0, 3026. ]
   - [ 24, 58, 0, 3490. ]
   - [ 25, 196, 0, 3852. ]
   - [ 26, 227, 0, 1958. ]
   - [ 27, 246, 0, 2312. ]
   - [ 28, 232, 0, 2153. ]
   - [ 29, 258, 0, 1988. ]
   - [ 30, 166, 0, 2705. ]
   - [ 31, 260, 0, 3042. ]
   - [ 32, 255, 0, 1702. ]
   - [ 33, 218, 0, 2579. ]
   - [ 34, 177, 0, 2443. ]
   - [ 35, 205, 0, 3054. ]
   - [ 36, 258, 0, 1749. ]
   - [ 37, 2, 0, 1747. ]
   - [ 38, 177, 0, 2460. ]
   - [ 39, 183, 0, 3166. ]
   - [ 40, 218, 0, 3238. ]
   - [ 41, 186, 0, 3256. ]
   - [ 42, 79, 0, 3785. ]
   - [ 43, 170, 0, 3370. ]
   - [ 44, 84, 0, 3304. ]
   - [ 45, 177, 0, 2439. ]
   - [ 46, 258, 0, 1341. ]
   - [ 47, 176, 0, 2277. ]
   - [ 48, 194, 0, 2435. ]
   - [ 49, 194, 0, 3305. ]
   - [ 50, 258, 0, 2474. ]
   - [ 51, 164, 0, 4278. ]
   - [ 52, 258, 0, 3382. ]
   - [ 53, 170, 0, 3893. ]
   - [ 54, 5, 0, 3023. ]
   - [ 55, 163, 0, 3070. ]
   - [ 56, 4, 0, 2417. ]
   - [ 57, 163, 0, 2702. ]
   - [ 58, 263, 0, 3913. ]
   - [ 59, 247, 0, 3479. ]
   - [ 60, 27, 0, 3313. ]
   - [ 61, 57, 0, 3465. ]
   - [ 62, 253, 0, 2253. ]
   - [ 63, 218, 0, 2572. ]
   - [ 64, 140, 0, 3787. ]
   - [ 65, 145, 0, 4179. ]
   - [ 66, 258, 0, 2516. ]
   - [ 67, 170, 0, 3472. ]
   - [ 68, 199, 0, 3796. ]
   - [ 69, 259, 0, 3643. ]
   - [ 70, 218, 0, 3409. ]
   - [ 71, 276, 0, 2512. ]
   - [ 72, 176, 0, 2584. ]
   - [ 73, 228, 0, 3287. ]
   - [ 74, 14, 0, 3488. ]
   - [ 75, 21, 0, 3584. ]
   - [ 76, 21, 0, 3558. ]
   - [ 77, 69, 0, 2868. ]
   - [ 78, 266, 0, 2685. ]
   - [ 79, 166, 0, 2535. ]
   - [ 80, 228, 0, 2702. ]
   - [ 81, 57, 0, 2834. ]
   - [ 82, 158, 0, 3074. ]
   - [ 83, 258, 0, 3551. ]
   - [ 84, 161, 0, 4234. ]
   - [ 85, 235, 0, 3750. ]
   - [ 86, 235, 0, 3632. ]
   - [ 87, 16, 0, 3717. ]
   - [ 88, 55, 0, 3537. ]
   - [ 89, 202, 0, 2395. ]
   - [ 90, 253, 0, 2385. ]
   - [ 91, 189, 0, 2635. ]
   - [ 92, 244, 0, 2241. ]
   - [ 93, 163, 0, 3202. ]
   - [ 94, 212, 0, 4680. ]
   - [ 95, 244, 0, 1933. ]
   - [ 96, 163, 0, 2586. ]
   - [ 97, 56, 0, 2858. ]
   - [ 98, 73, 0, 3511. ]
   - [ 99, 212, 0, 4056. ]
   - [ 100, 247, 0, 2131. ]
   - [ 101, 166, 0, 1748. ]
   - [ 102, 258, 0, 2228. ]
   - [ 103, 163, 0, 2256. ]
   - [ 104, 258, 0, 1304. ]
   - [ 105, 125, 0, 2120. ]
   - [ 106, 56, 0, 2257. ]
   - [ 107, 246, 0, 1975. ]
   - [ 108, 219, 0, 2172. ]
   - [ 109, 117, 0, 2262. ]
   - [ 110, 143, 0, 2390. ]
   - [ 111, 192, 0, 2261. ]
   - [ 112, 59, 0, 3450. ]
   - [ 113, 56, 0, 1400. ]
   - [ 114, 250, 0, 4504. ]
   - [ 115, 151, 0, 3366. ]
   - [ 116, 169, 0, 3138. ]
   - [ 117, 242, 0, 1947. ]
   - [ 118, 2, 0, 2996. ]
   - [ 119, 101, 0, 3335. ]
   - [ 120, 125, 0, 2433. ]
   - [ 121, 101, 0, 3702. ]
   - [ 122, 179, 0, 2970. ]
   - [ 123, 227, 0, 2509. ]
   - [ 124, 155, 0, 4697. ]
   - [ 125, 103, 0, 4718. ]
   - [ 126, 233, 0, 3665. ]
   - [ 127, 183, 0, 1201. ]
   - [ 128, 16, 0, 3754. ]
   - [ 129, 258, 0, 3173. ]
   - [ 130, 247, 0, 3972. ]
   - [ 131, 100, 0, 3956. ]
   - [ 132, 154, 0, 3271. ]
   - [ 133, 4, 0, 3339. ]
   - [ 134, 203, 0, 2950. ]
   - [ 135, 202, 0, 1990. ]
   - [ 136, 129, 0, 2714. ]
   - [ 137, 105, 0, 1450. ]
   - [ 138, 264, 0, 3222. ]
   - [ 139, 256, 0, 3498. ]
   - [ 140, 125, 0, 2390. ]
   - [ 141, 182, 0, 936. ]
   - [ 142, 163, 0, 2368. ]
   - [ 143, 183, 0, 1728. ]
   - [ 144, 180, 0, 2763. ]
   - [ 145, 273, 0, 2787. ]
   - [ 146, 81, 0, 2568. ]
   - [ 147, 105, 0, 3129. ]
   - [ 148, 177, 0, 2132. ]
   - [ 149, 56, 0, 2245. ]
   - [ 150, 176, 0, 2999. ]
   - [ 151, 177, 0, 2275. ]
   - [ 152, 248, 0, 2358. ]
   - [ 153, 244, 0, 1712. ]
   - [ 154, 273, 0, 2644. ]
   - [ 155, 5, 0, 3510. ]
   - [ 156, 180, 0, 2307. ]
   - [ 157, 278, 0, 2321. ]
   - [ 158, 41, 0, 3012. ]
   - [ 159, 81, 0, 3032. ]
   - [ 160, 176, 0, 2969. ]
   - [ 161, 267, 0, 2862. ]
   - [ 162, 54, 0, 3306. ]
   - [ 163, 196, 0, 3212. ]
   - [ 164, 18, 0, 2370. ]
   - [ 165, 163, 0, 3652. ]
   - [ 166, 163, 0, 2324. ]
   - [ 167, 105, 0, 2403. ]
   - [ 168, 142, 0, 3322. ]
   - [ 169, 54, 0, 3023. ]
   - [ 170, 119, 0, 4090. ]
   - [ 171, 6, 0, 4315. ]
   - [ 172, 240, 0, 2911. ]
   - [ 173, 162, 0, 3101. ]
   - [ 174, 244, 0, 2209. ]
   - [ 175, 30, 0, 3300. ]
   - [ 176, 164, 0, 3307. ]
   - [ 177, 197, 0, 2684. ]
   - [ 178, 176, 0, 3481. ]
   - [ 179, 42, 0, 3612. ]
   - [ 180, 30, 0, 2584. ]
   - [ 181, 148, 0, 2991. ]
   - [ 182, 154, 0, 2841. ]
   - [ 183, 177, 0, 2532. ]
   - [ 184, 163, 0, 2653. ]
   - [ 185, 164, 0, 3245. ]
   - [ 186, 230, 0, 3436. ]
   - [ 187, 210, 0, 2949. ]
   - [ 188, 202, 0, 2699. ]
   - [ 189, 176, 0, 2701. ]
   - [ 190, 105, 0, 2333. ]
   - [ 191, 164, 0, 4109. ]
   - [ 192, 30, 0, 2205. ]
   - [ 193, 143, 0, 1849. ]
   - [ 194, 257, 0, 3697. ]
   - [ 195, 108, 0, 4511. ]
   - [ 196, 56, 0, 3490. ]
   - [ 197, 161, 0, 3571. ]
   - [ 198, 258, 0, 3311. ]
   - [ 199, 177, 0, 2545. ]
   - [ 200, 151, 0, 3005. ]
   - [ 201, 92, 0, 3212. ]
   - [ 202, 179, 0, 2583. ]
   - [ 203, 256, 0, 3130. ]
   - [ 204, 179, 0, 2540. ]
   - [ 205, 170, 0, 3258. ]
   - [ 206, 101, 0, 3601. ]
   - [ 207, 191, 0, 3373. ]
   - [ 208, 132, 0, 2677. ]
   - [ 209, 169, 0, 2917. ]
   - [ 210, 41, 0, 2548. ]
   - [ 211, 258, 0, 2840. ]
   - [ 212, 170, 0, 3239. ]
   - [ 213, 264, 0, 3979. ]
   - [ 214, 188, 0, 2785. ]
   - [ 215, 219, 0, 2803. ]
   - [ 216, 187, 0, 2470. ]
   - [ 217, 196, 0, 2706. ]
   - [ 218, 170, 0, 2916. ]
   - [ 219, 248, 0, 2792. ]
   - [ 220, 264, 0, 3726. ]
   - [ 221, 54, 0, 4212. ]
   - [ 222, 254, 0, 3667. ]
   - [ 223, 150, 0, 3721. ]
   - [ 224, 20, 0, 3243. ]
   - [ 225, 219, 0, 2621. ]
   - [ 226, 170, 0, 3348. ]
   - [ 227, 276, 0, 2774. ]
   - [ 228, 277, 0, 2751. ]
