%YAML:1.0
---
Matches:
   - [ 0, 236, 0, 1.6868357360363007e-01 ]
   - [ 1, 52, 0, 4.1821253299713135e-01 ]
   - [ 2, 53, 0, 3.9970096945762634e-01 ]
   - [ 3, 56, 0, 3.9217829704284668e-01 ]
   - [ 4, 241, 0, 3.4144905209541321e-01 ]
   - [ 5, 240, 0, 3.9529263973236084e-01 ]
   - [ 6, 240, 0, 4.0343156456947327e-01 ]
   - [ 7, 242, 0, 3.9727947115898132e-01 ]
   - [ 8, 27, 0, 4.3349081277847290e-01 ]
   - [ 9, 242, 0, 3.1593525409698486e-01 ]
   - [ 10, 242, 0, 4.0434709191322327e-01 ]
   - [ 11, 202, 0, 3.6471372842788696e-01 ]
   - [ 12, 140, 0, 4.4842219352722168e-01 ]
   - [ 13, 195, 0, 4.3563377857208252e-01 ]
   - [ 14, 75, 0, 4.3926388025283813e-01 ]
   - [ 15, 202, 0, 3.5955345630645752e-01 ]
   - [ 16, 193, 0, 4.1410288214683533e-01 ]
   - [ 17, 170, 0, 5.4646915197372437e-01 ]
   - [ 18, 75, 0, 3.8751742243766785e-01 ]
   - [ 19, 52, 0, 2.8260630369186401e-01 ]
   - [ 20, 260, 0, 4.7163096070289612e-01 ]
   - [ 21, 76, 0, 4.4989144802093506e-01 ]
   - [ 22, 75, 0, 4.6643325686454773e-01 ]
   - [ 23, 267, 0, 4.3083861470222473e-01 ]
   - [ 24, 249, 0, 3.7429556250572205e-01 ]
   - [ 25, 242, 0, 3.8594931364059448e-01 ]
   - [ 26, 240, 0, 4.1130676865577698e-01 ]
   - [ 27, 27, 0, 4.4320198893547058e-01 ]
   - [ 28, 242, 0, 4.4146966934204102e-01 ]
   - [ 29, 242, 0, 3.8353669643402100e-01 ]
   - [ 30, 242, 0, 3.8562685251235962e-01 ]
   - [ 31, 75, 0, 4.2160245776176453e-01 ]
   - [ 32, 202, 0, 3.9861851930618286e-01 ]
   - [ 33, 118, 0, 5.1663631200790405e-01 ]
   - [ 34, 241, 0, 3.5523492097854614e-01 ]
   - [ 35, 242, 0, 3.6245247721672058e-01 ]
   - [ 36, 242, 0, 4.9949595332145691e-01 ]
   - [ 37, 204, 0, 4.5620384812355042e-01 ]
   - [ 38, 251, 0, 4.7611027956008911e-01 ]
   - [ 39, 118, 0, 4.3815746903419495e-01 ]
   - [ 40, 118, 0, 4.4537883996963501e-01 ]
   - [ 41, 75, 0, 4.3894514441490173e-01 ]
   - [ 42, 76, 0, 4.5643508434295654e-01 ]
   - [ 43, 242, 0, 4.3793320655822754e-01 ]
   - [ 44, 242, 0, 3.1648883223533630e-01 ]
   - [ 45, 242, 0, 3.8166347146034241e-01 ]
   - [ 46, 242, 0, 2.8484883904457092e-01 ]
   - [ 47, 242, 0, 3.6868005990982056e-01 ]
   - [ 48, 178, 0, 3.4474980831146240e-01 ]
   - [ 49, 148, 0, 4.7515562176704407e-01 ]
   - [ 50, 74, 0, 4.3543559312820435e-01 ]
   - [ 51, 204, 0, 4.9101334810256958e-01 ]
   - [ 52, 118, 0, 4.8612299561500549e-01 ]
   - [ 53, 76, 0, 4.8103672266006470e-01 ]
   - [ 54, 140, 0, 4.2438843846321106e-01 ]
   - [ 55, 242, 0, 3.6818513274192810e-01 ]
   - [ 56, 118, 0, 4.9452719092369080e-01 ]
   - [ 57, 93, 0, 4.8861056566238403e-01 ]
   - [ 58, 118, 0, 4.3312728404998779e-01 ]
   - [ 59, 118, 0, 4.4259271025657654e-01 ]
   - [ 60, 251, 0, 4.0870729088783264e-01 ]
   - [ 61, 202, 0, 3.6879119277000427e-01 ]
   - [ 62, 154, 0, 5.4168099164962769e-01 ]
   - [ 63, 118, 0, 5.4247492551803589e-01 ]
   - [ 64, 217, 0, 3.7022337317466736e-01 ]
   - [ 65, 119, 0, 4.7018393874168396e-01 ]
   - [ 66, 253, 0, 4.0198335051536560e-01 ]
   - [ 67, 249, 0, 4.4859784841537476e-01 ]
   - [ 68, 148, 0, 4.0078398585319519e-01 ]
   - [ 69, 154, 0, 3.7174892425537109e-01 ]
   - [ 70, 242, 0, 4.3751052021980286e-01 ]
   - [ 71, 202, 0, 4.1452410817146301e-01 ]
   - [ 72, 214, 0, 4.8700934648513794e-01 ]
   - [ 73, 211, 0, 4.5889234542846680e-01 ]
   - [ 74, 128, 0, 4.8634406924247742e-01 ]
   - [ 75, 97, 0, 4.2263376712799072e-01 ]
   - [ 76, 198, 0, 3.7627065181732178e-01 ]
   - [ 77, 222, 0, 4.8276653885841370e-01 ]
   - [ 78, 222, 0, 3.9477753639221191e-01 ]
   - [ 79, 253, 0, 4.8829212784767151e-01 ]
   - [ 80, 214, 0, 5.1753056049346924e-01 ]
   - [ 81, 213, 0, 5.3216028213500977e-01 ]
   - [ 82, 119, 0, 5.5487614870071411e-01 ]
   - [ 83, 119, 0, 5.3924244642257690e-01 ]
   - [ 84, 15, 0, 5.1539582014083862e-01 ]
   - [ 85, 110, 0, 5.0467711687088013e-01 ]
   - [ 86, 202, 0, 3.5936778783798218e-01 ]
   - [ 87, 163, 0, 3.7619283795356750e-01 ]
   - [ 88, 202, 0, 3.6669364571571350e-01 ]
   - [ 89, 204, 0, 3.8520938158035278e-01 ]
   - [ 90, 257, 0, 4.0565368533134460e-01 ]
   - [ 91, 97, 0, 5.0262880325317383e-01 ]
   - [ 92, 202, 0, 4.0068542957305908e-01 ]
   - [ 93, 213, 0, 4.5280727744102478e-01 ]
   - [ 94, 257, 0, 4.4097179174423218e-01 ]
   - [ 95, 119, 0, 5.3631687164306641e-01 ]
   - [ 96, 119, 0, 5.2759408950805664e-01 ]
   - [ 97, 213, 0, 3.8207024335861206e-01 ]
   - [ 98, 222, 0, 3.6306297779083252e-01 ]
   - [ 99, 222, 0, 3.8450199365615845e-01 ]
   - [ 100, 163, 0, 3.4551566839218140e-01 ]
   - [ 101, 269, 0, 3.3589965105056763e-01 ]
   - [ 102, 179, 0, 3.7070107460021973e-01 ]
   - [ 103, 213, 0, 4.3807318806648254e-01 ]
   - [ 104, 213, 0, 3.6766797304153442e-01 ]
   - [ 105, 217, 0, 3.7253198027610779e-01 ]
   - [ 106, 217, 0, 3.6900293827056885e-01 ]
   - [ 107, 217, 0, 3.8742685317993164e-01 ]
   - [ 108, 217, 0, 3.8196554780006409e-01 ]
   - [ 109, 217, 0, 3.7129878997802734e-01 ]
   - [ 110, 37, 0, 6.4810812473297119e-01 ]
   - [ 111, 230, 0, 4.8441883921623230e-01 ]
   - [ 112, 212, 0, 4.3381336331367493e-01 ]
   - [ 113, 177, 0, 4.6520462632179260e-01 ]
   - [ 114, 154, 0, 4.1567352414131165e-01 ]
   - [ 115, 177, 0, 4.2132046818733215e-01 ]
   - [ 116, 125, 0, 4.4614598155021667e-01 ]
   - [ 117, 179, 0, 4.8503032326698303e-01 ]
   - [ 118, 193, 0, 4.9916356801986694e-01 ]
   - [ 119, 166, 0, 3.9078611135482788e-01 ]
   - [ 120, 125, 0, 5.1992136240005493e-01 ]
   - [ 121, 179, 0, 5.3070211410522461e-01 ]
   - [ 122, 162, 0, 5.4382491111755371e-01 ]
   - [ 123, 183, 0, 1.9437372684478760e-01 ]
   - [ 124, 177, 0, 4.3913245201110840e-01 ]
   - [ 125, 125, 0, 5.0132930278778076e-01 ]
   - [ 126, 229, 0, 4.9341034889221191e-01 ]
   - [ 127, 229, 0, 4.9347320199012756e-01 ]
   - [ 128, 66, 0, 3.6957246065139771e-01 ]
   - [ 129, 125, 0, 5.3310990333557129e-01 ]
   - [ 130, 246, 0, 4.6980890631675720e-01 ]
   - [ 131, 219, 0, 5.5309396982192993e-01 ]
   - [ 132, 143, 0, 4.1429436206817627e-01 ]
   - [ 133, 176, 0, 4.0320050716400146e-01 ]
   - [ 134, 229, 0, 5.1622843742370605e-01 ]
   - [ 135, 66, 0, 4.2211842536926270e-01 ]
   - [ 136, 47, 0, 3.7662672996520996e-01 ]
   - [ 137, 176, 0, 4.0641412138938904e-01 ]
   - [ 138, 78, 0, 4.5268690586090088e-01 ]
   - [ 139, 78, 0, 4.2511028051376343e-01 ]
   - [ 140, 257, 0, 4.0156459808349609e-01 ]
   - [ 141, 213, 0, 5.1338219642639160e-01 ]
   - [ 142, 143, 0, 3.8909289240837097e-01 ]
   - [ 143, 213, 0, 4.7264105081558228e-01 ]
   - [ 144, 178, 0, 3.9385589957237244e-01 ]
   - [ 145, 154, 0, 3.8567593693733215e-01 ]
   - [ 146, 176, 0, 4.4959551095962524e-01 ]
   - [ 147, 166, 0, 3.7507286667823792e-01 ]
   - [ 148, 166, 0, 3.7054938077926636e-01 ]
   - [ 149, 265, 0, 1.1388991028070450e-01 ]
   - [ 150, 5, 0, 6.1918663978576660e-01 ]
   - [ 151, 187, 0, 3.4455052018165588e-01 ]
   - [ 152, 71, 0, 4.7133487462997437e-01 ]
   - [ 153, 75, 0, 3.9882341027259827e-01 ]
   - [ 154, 76, 0, 4.1371715068817139e-01 ]
   - [ 155, 37, 0, 4.9339503049850464e-01 ]
   - [ 156, 207, 0, 4.1818761825561523e-01 ]
   - [ 157, 118, 0, 4.4242867827415466e-01 ]
   - [ 158, 9, 0, 4.3237355351448059e-01 ]
   - [ 159, 71, 0, 4.4773527979850769e-01 ]
   - [ 160, 249, 0, 5.0445985794067383e-01 ]
   - [ 161, 76, 0, 4.7729375958442688e-01 ]
   - [ 162, 75, 0, 4.8684531450271606e-01 ]
   - [ 163, 9, 0, 4.7529041767120361e-01 ]
   - [ 164, 204, 0, 4.4018319249153137e-01 ]
   - [ 165, 76, 0, 4.3869566917419434e-01 ]
   - [ 166, 76, 0, 4.0698829293251038e-01 ]
   - [ 167, 75, 0, 3.8409036397933960e-01 ]
   - [ 168, 202, 0, 4.5551615953445435e-01 ]
   - [ 169, 242, 0, 3.9457771182060242e-01 ]
   - [ 170, 211, 0, 4.0119469165802002e-01 ]
   - [ 171, 154, 0, 3.7328785657882690e-01 ]
   - [ 172, 204, 0, 3.9073663949966431e-01 ]
   - [ 173, 76, 0, 4.4041267037391663e-01 ]
   - [ 174, 128, 0, 5.4684954881668091e-01 ]
   - [ 175, 97, 0, 4.4455313682556152e-01 ]
   - [ 176, 202, 0, 4.2415547370910645e-01 ]
   - [ 177, 176, 0, 4.3342617154121399e-01 ]
   - [ 178, 202, 0, 4.4460442662239075e-01 ]
   - [ 179, 148, 0, 3.8357466459274292e-01 ]
