%YAML:1.0
---
Matches:
   - [ 0, 8, 0, 28. ]
   - [ 1, 183, 0, 63. ]
   - [ 2, 130, 0, 71. ]
   - [ 3, 117, 0, 85. ]
   - [ 4, 7, 0, 80. ]
   - [ 5, 278, 0, 68. ]
   - [ 6, 30, 0, 79. ]
   - [ 7, 174, 0, 84. ]
   - [ 8, 194, 0, 76. ]
   - [ 9, 31, 0, 102. ]
   - [ 10, 248, 0, 65. ]
   - [ 11, 179, 0, 84. ]
   - [ 12, 208, 0, 73. ]
   - [ 13, 69, 0, 69. ]
   - [ 14, 175, 0, 91. ]
   - [ 15, 30, 0, 76. ]
   - [ 16, 228, 0, 91. ]
   - [ 17, 267, 0, 68. ]
   - [ 18, 163, 0, 90. ]
   - [ 19, 163, 0, 94. ]
   - [ 20, 130, 0, 68. ]
   - [ 21, 202, 0, 84. ]
   - [ 22, 163, 0, 87. ]
   - [ 23, 186, 0, 108. ]
   - [ 24, 93, 0, 116. ]
   - [ 25, 266, 0, 109. ]
   - [ 26, 227, 0, 64. ]
   - [ 27, 178, 0, 85. ]
   - [ 28, 232, 0, 91. ]
   - [ 29, 8, 0, 60. ]
   - [ 30, 202, 0, 76. ]
   - [ 31, 194, 0, 87. ]
   - [ 32, 255, 0, 75. ]
   - [ 33, 218, 0, 79. ]
   - [ 34, 169, 0, 89. ]
   - [ 35, 71, 0, 102. ]
   - [ 36, 258, 0, 68. ]
   - [ 37, 2, 0, 56. ]
   - [ 38, 177, 0, 77. ]
   - [ 39, 183, 0, 88. ]
   - [ 40, 218, 0, 87. ]
   - [ 41, 186, 0, 102. ]
   - [ 42, 207, 0, 114. ]
   - [ 43, 5, 0, 117. ]
   - [ 44, 163, 0, 92. ]
   - [ 45, 177, 0, 82. ]
   - [ 46, 258, 0, 49. ]
   - [ 47, 176, 0, 75. ]
   - [ 48, 194, 0, 68. ]
   - [ 49, 194, 0, 89. ]
   - [ 50, 258, 0, 78. ]
   - [ 51, 162, 0, 112. ]
   - [ 52, 71, 0, 95. ]
   - [ 53, 264, 0, 115. ]
   - [ 54, 5, 0, 109. ]
   - [ 55, 163, 0, 89. ]
   - [ 56, 4, 0, 62. ]
   - [ 57, 176, 0, 85. ]
   - [ 58, 263, 0, 112. ]
   - [ 59, 247, 0, 97. ]
   - [ 60, 27, 0, 104. ]
   - [ 61, 208, 0, 118. ]
   - [ 62, 253, 0, 82. ]
   - [ 63, 218, 0, 83. ]
   - [ 64, 140, 0, 116. ]
   - [ 65, 6, 0, 108. ]
   - [ 66, 56, 0, 85. ]
   - [ 67, 244, 0, 96. ]
   - [ 68, 93, 0, 128. ]
   - [ 69, 259, 0, 116. ]
   - [ 70, 218, 0, 83. ]
   - [ 71, 276, 0, 74. ]
   - [ 72, 228, 0, 84. ]
   - [ 73, 163, 0, 86. ]
   - [ 74, 14, 0, 102. ]
   - [ 75, 18, 0, 107. ]
   - [ 76, 161, 0, 117. ]
   - [ 77, 69, 0, 89. ]
   - [ 78, 163, 0, 69. ]
   - [ 79, 166, 0, 68. ]
   - [ 80, 228, 0, 68. ]
   - [ 81, 121, 0, 91. ]
   - [ 82, 220, 0, 109. ]
   - [ 83, 258, 0, 100. ]
   - [ 84, 258, 0, 116. ]
   - [ 85, 65, 0, 123. ]
   - [ 86, 136, 0, 115. ]
   - [ 87, 16, 0, 117. ]
   - [ 88, 261, 0, 124. ]
   - [ 89, 202, 0, 76. ]
   - [ 90, 4, 0, 71. ]
   - [ 91, 189, 0, 73. ]
   - [ 92, 244, 0, 76. ]
   - [ 93, 163, 0, 100. ]
   - [ 94, 154, 0, 114. ]
   - [ 95, 183, 0, 63. ]
   - [ 96, 163, 0, 84. ]
   - [ 97, 56, 0, 104. ]
   - [ 98, 16, 0, 125. ]
   - [ 99, 12, 0, 129. ]
   - [ 100, 258, 0, 73. ]
   - [ 101, 166, 0, 55. ]
   - [ 102, 258, 0, 77. ]
   - [ 103, 163, 0, 64. ]
   - [ 104, 258, 0, 51. ]
   - [ 105, 247, 0, 60. ]
   - [ 106, 56, 0, 82. ]
   - [ 107, 248, 0, 60. ]
   - [ 108, 219, 0, 84. ]
   - [ 109, 117, 0, 65. ]
   - [ 110, 220, 0, 88. ]
   - [ 111, 258, 0, 89. ]
   - [ 112, 256, 0, 100. ]
   - [ 113, 56, 0, 56. ]
   - [ 114, 189, 0, 125. ]
   - [ 115, 242, 0, 90. ]
   - [ 116, 169, 0, 70. ]
   - [ 117, 242, 0, 72. ]
   - [ 118, 75, 0, 93. ]
   - [ 119, 101, 0, 104. ]
   - [ 120, 125, 0, 70. ]
   - [ 121, 101, 0, 107. ]
   - [ 122, 71, 0, 89. ]
   - [ 123, 179, 0, 76. ]
   - [ 124, 62, 0, 127. ]
   - [ 125, 154, 0, 112. ]
   - [ 126, 124, 0, 101. ]
   - [ 127, 183, 0, 46. ]
   - [ 128, 218, 0, 108. ]
   - [ 129, 258, 0, 98. ]
   - [ 130, 143, 0, 101. ]
   - [ 131, 75, 0, 108. ]
   - [ 132, 169, 0, 68. ]
   - [ 133, 4, 0, 97. ]
   - [ 134, 253, 0, 94. ]
   - [ 135, 202, 0, 73. ]
   - [ 136, 271, 0, 89. ]
   - [ 137, 105, 0, 74. ]
   - [ 138, 218, 0, 99. ]
   - [ 139, 256, 0, 116. ]
   - [ 140, 258, 0, 72. ]
   - [ 141, 182, 0, 30. ]
   - [ 142, 163, 0, 90. ]
   - [ 143, 183, 0, 51. ]
   - [ 144, 180, 0, 87. ]
   - [ 145, 149, 0, 103. ]
   - [ 146, 81, 0, 80. ]
   - [ 147, 258, 0, 100. ]
   - [ 148, 75, 0, 75. ]
   - [ 149, 184, 0, 65. ]
   - [ 150, 179, 0, 92. ]
   - [ 151, 169, 0, 67. ]
   - [ 152, 248, 0, 60. ]
   - [ 153, 8, 0, 68. ]
   - [ 154, 242, 0, 76. ]
   - [ 155, 5, 0, 97. ]
   - [ 156, 180, 0, 86. ]
   - [ 157, 8, 0, 63. ]
   - [ 158, 41, 0, 105. ]
   - [ 159, 15, 0, 100. ]
   - [ 160, 194, 0, 99. ]
   - [ 161, 267, 0, 94. ]
   - [ 162, 254, 0, 97. ]
   - [ 163, 194, 0, 104. ]
   - [ 164, 179, 0, 82. ]
   - [ 165, 163, 0, 107. ]
   - [ 166, 166, 0, 56. ]
   - [ 167, 105, 0, 86. ]
   - [ 168, 240, 0, 100. ]
   - [ 169, 54, 0, 95. ]
   - [ 170, 154, 0, 96. ]
   - [ 171, 5, 0, 120. ]
   - [ 172, 240, 0, 85. ]
   - [ 173, 162, 0, 95. ]
   - [ 174, 183, 0, 56. ]
   - [ 175, 217, 0, 96. ]
   - [ 176, 164, 0, 104. ]
   - [ 177, 248, 0, 102. ]
   - [ 178, 11, 0, 94. ]
   - [ 179, 264, 0, 103. ]
   - [ 180, 209, 0, 80. ]
   - [ 181, 183, 0, 98. ]
   - [ 182, 148, 0, 88. ]
   - [ 183, 208, 0, 74. ]
   - [ 184, 4, 0, 73. ]
   - [ 185, 163, 0, 97. ]
   - [ 186, 57, 0, 123. ]
   - [ 187, 48, 0, 78. ]
   - [ 188, 203, 0, 80. ]
   - [ 189, 3, 0, 79. ]
   - [ 190, 190, 0, 84. ]
   - [ 191, 164, 0, 115. ]
   - [ 192, 124, 0, 82. ]
   - [ 193, 179, 0, 66. ]
   - [ 194, 272, 0, 111. ]
   - [ 195, 75, 0, 120. ]
   - [ 196, 53, 0, 109. ]
   - [ 197, 134, 0, 115. ]
   - [ 198, 258, 0, 91. ]
   - [ 199, 177, 0, 95. ]
   - [ 200, 151, 0, 90. ]
   - [ 201, 274, 0, 93. ]
   - [ 202, 100, 0, 90. ]
   - [ 203, 256, 0, 102. ]
   - [ 204, 179, 0, 73. ]
   - [ 205, 170, 0, 100. ]
   - [ 206, 148, 0, 106. ]
   - [ 207, 191, 0, 90. ]
   - [ 208, 23, 0, 98. ]
   - [ 209, 169, 0, 95. ]
   - [ 210, 41, 0, 86. ]
   - [ 211, 258, 0, 79. ]
   - [ 212, 254, 0, 93. ]
   - [ 213, 264, 0, 104. ]
   - [ 214, 145, 0, 99. ]
   - [ 215, 163, 0, 98. ]
   - [ 216, 30, 0, 77. ]
   - [ 217, 196, 0, 90. ]
   - [ 218, 170, 0, 99. ]
   - [ 219, 248, 0, 83. ]
   - [ 220, 264, 0, 110. ]
   - [ 221, 54, 0, 108. ]
   - [ 222, 208, 0, 102. ]
   - [ 223, 151, 0, 110. ]
   - [ 224, 209, 0, 93. ]
   - [ 225, 30, 0, 89. ]
   - [ 226, 210, 0, 114. ]
   - [ 227, 48, 0, 92. ]
   - [ 228, 277, 0, 76. ]
