%YAML:1.0
---
Matches:
   - [ 0, 236, 0, 5.6592655181884766e-01 ]
   - [ 1, 52, 0, 2.1804566383361816e+00 ]
   - [ 2, 53, 0, 2.1654570102691650e+00 ]
   - [ 3, 56, 0, 2.1064243316650391e+00 ]
   - [ 4, 241, 0, 1.7543413639068604e+00 ]
   - [ 5, 241, 0, 2.1260223388671875e+00 ]
   - [ 6, 190, 0, 2.0523288249969482e+00 ]
   - [ 7, 242, 0, 1.8865392208099365e+00 ]
   - [ 8, 27, 0, 2.6124627590179443e+00 ]
   - [ 9, 242, 0, 1.6204901933670044e+00 ]
   - [ 10, 242, 0, 2.1510488986968994e+00 ]
   - [ 11, 198, 0, 2.0217685699462891e+00 ]
   - [ 12, 140, 0, 2.4056987762451172e+00 ]
   - [ 13, 195, 0, 2.6263530254364014e+00 ]
   - [ 14, 52, 0, 2.0958893299102783e+00 ]
   - [ 15, 202, 0, 1.9638100862503052e+00 ]
   - [ 16, 193, 0, 2.5296781063079834e+00 ]
   - [ 17, 77, 0, 2.8986692428588867e+00 ]
   - [ 18, 75, 0, 2.0868906974792480e+00 ]
   - [ 19, 52, 0, 1.3948264122009277e+00 ]
   - [ 20, 221, 0, 2.6164329051971436e+00 ]
   - [ 21, 76, 0, 2.5953202247619629e+00 ]
   - [ 22, 75, 0, 2.5340414047241211e+00 ]
   - [ 23, 267, 0, 2.4245893955230713e+00 ]
   - [ 24, 249, 0, 1.9442144632339478e+00 ]
   - [ 25, 242, 0, 2.1181242465972900e+00 ]
   - [ 26, 97, 0, 2.2030253410339355e+00 ]
   - [ 27, 27, 0, 2.3892812728881836e+00 ]
   - [ 28, 242, 0, 2.3533186912536621e+00 ]
   - [ 29, 242, 0, 1.9889799356460571e+00 ]
   - [ 30, 242, 0, 2.3340098857879639e+00 ]
   - [ 31, 75, 0, 2.4425866603851318e+00 ]
   - [ 32, 140, 0, 2.3406281471252441e+00 ]
   - [ 33, 71, 0, 2.8688585758209229e+00 ]
   - [ 34, 241, 0, 1.8718302249908447e+00 ]
   - [ 35, 242, 0, 1.9295082092285156e+00 ]
   - [ 36, 248, 0, 2.6427958011627197e+00 ]
   - [ 37, 204, 0, 2.7468097209930420e+00 ]
   - [ 38, 140, 0, 2.6145133972167969e+00 ]
   - [ 39, 118, 0, 2.6142756938934326e+00 ]
   - [ 40, 118, 0, 2.7190320491790771e+00 ]
   - [ 41, 242, 0, 2.4212050437927246e+00 ]
   - [ 42, 75, 0, 2.6430819034576416e+00 ]
   - [ 43, 242, 0, 2.3621842861175537e+00 ]
   - [ 44, 242, 0, 1.7170065641403198e+00 ]
   - [ 45, 242, 0, 2.1350069046020508e+00 ]
   - [ 46, 242, 0, 1.5684599876403809e+00 ]
   - [ 47, 242, 0, 2.1113729476928711e+00 ]
   - [ 48, 178, 0, 2.0780029296875000e+00 ]
   - [ 49, 148, 0, 2.8665690422058105e+00 ]
   - [ 50, 74, 0, 2.5070955753326416e+00 ]
   - [ 51, 140, 0, 2.7160778045654297e+00 ]
   - [ 52, 46, 0, 2.7601284980773926e+00 ]
   - [ 53, 76, 0, 2.6965098381042480e+00 ]
   - [ 54, 140, 0, 2.3224856853485107e+00 ]
   - [ 55, 242, 0, 1.9793192148208618e+00 ]
   - [ 56, 118, 0, 3.0277683734893799e+00 ]
   - [ 57, 93, 0, 2.8391842842102051e+00 ]
   - [ 58, 118, 0, 2.7402234077453613e+00 ]
   - [ 59, 118, 0, 2.8154370784759521e+00 ]
   - [ 60, 251, 0, 2.3718676567077637e+00 ]
   - [ 61, 202, 0, 2.1879186630249023e+00 ]
   - [ 62, 154, 0, 3.0883815288543701e+00 ]
   - [ 63, 176, 0, 3.3788015842437744e+00 ]
   - [ 64, 213, 0, 2.1578299999237061e+00 ]
   - [ 65, 121, 0, 2.8002376556396484e+00 ]
   - [ 66, 253, 0, 2.3661255836486816e+00 ]
   - [ 67, 249, 0, 2.6435573101043701e+00 ]
   - [ 68, 148, 0, 1.8875075578689575e+00 ]
   - [ 69, 154, 0, 1.9653460979461670e+00 ]
   - [ 70, 242, 0, 2.2610378265380859e+00 ]
   - [ 71, 202, 0, 2.4209232330322266e+00 ]
   - [ 72, 217, 0, 2.7729856967926025e+00 ]
   - [ 73, 125, 0, 2.7496941089630127e+00 ]
   - [ 74, 125, 0, 2.6677837371826172e+00 ]
   - [ 75, 97, 0, 2.1229217052459717e+00 ]
   - [ 76, 198, 0, 2.1518418788909912e+00 ]
   - [ 77, 222, 0, 2.6615133285522461e+00 ]
   - [ 78, 222, 0, 2.2823894023895264e+00 ]
   - [ 79, 198, 0, 2.7239339351654053e+00 ]
   - [ 80, 117, 0, 2.8397381305694580e+00 ]
   - [ 81, 213, 0, 2.7939364910125732e+00 ]
   - [ 82, 179, 0, 3.1667039394378662e+00 ]
   - [ 83, 23, 0, 3.2809917926788330e+00 ]
   - [ 84, 15, 0, 3.0230150222778320e+00 ]
   - [ 85, 254, 0, 2.7994327545166016e+00 ]
   - [ 86, 202, 0, 2.0070676803588867e+00 ]
   - [ 87, 163, 0, 2.0006713867187500e+00 ]
   - [ 88, 202, 0, 2.1874849796295166e+00 ]
   - [ 89, 204, 0, 2.4088542461395264e+00 ]
   - [ 90, 257, 0, 2.4302828311920166e+00 ]
   - [ 91, 97, 0, 2.8090481758117676e+00 ]
   - [ 92, 202, 0, 2.3564963340759277e+00 ]
   - [ 93, 166, 0, 2.6029334068298340e+00 ]
   - [ 94, 257, 0, 2.4773976802825928e+00 ]
   - [ 95, 125, 0, 3.3279740810394287e+00 ]
   - [ 96, 125, 0, 3.0325882434844971e+00 ]
   - [ 97, 213, 0, 2.0736396312713623e+00 ]
   - [ 98, 166, 0, 1.9887562990188599e+00 ]
   - [ 99, 222, 0, 2.1714956760406494e+00 ]
   - [ 100, 163, 0, 1.7986398935317993e+00 ]
   - [ 101, 269, 0, 1.6774989366531372e+00 ]
   - [ 102, 179, 0, 2.0366909503936768e+00 ]
   - [ 103, 213, 0, 2.1761257648468018e+00 ]
   - [ 104, 213, 0, 2.0344586372375488e+00 ]
   - [ 105, 213, 0, 1.8101119995117188e+00 ]
   - [ 106, 143, 0, 2.0858876705169678e+00 ]
   - [ 107, 143, 0, 1.9235655069351196e+00 ]
   - [ 108, 213, 0, 2.1641976833343506e+00 ]
   - [ 109, 217, 0, 2.0001740455627441e+00 ]
   - [ 110, 37, 0, 3.8418979644775391e+00 ]
   - [ 111, 230, 0, 2.3553605079650879e+00 ]
   - [ 112, 212, 0, 2.3468656539916992e+00 ]
   - [ 113, 177, 0, 2.6905698776245117e+00 ]
   - [ 114, 154, 0, 2.2659060955047607e+00 ]
   - [ 115, 177, 0, 2.4529497623443604e+00 ]
   - [ 116, 125, 0, 2.5551748275756836e+00 ]
   - [ 117, 179, 0, 3.1079106330871582e+00 ]
   - [ 118, 242, 0, 2.7610812187194824e+00 ]
   - [ 119, 166, 0, 2.0529925823211670e+00 ]
   - [ 120, 125, 0, 3.0226125717163086e+00 ]
   - [ 121, 179, 0, 3.2567882537841797e+00 ]
   - [ 122, 242, 0, 3.0483798980712891e+00 ]
   - [ 123, 183, 0, 9.3629461526870728e-01 ]
   - [ 124, 148, 0, 2.4164507389068604e+00 ]
   - [ 125, 125, 0, 2.8372218608856201e+00 ]
   - [ 126, 97, 0, 2.7665750980377197e+00 ]
   - [ 127, 97, 0, 2.9187057018280029e+00 ]
   - [ 128, 66, 0, 2.1408681869506836e+00 ]
   - [ 129, 202, 0, 3.0937776565551758e+00 ]
   - [ 130, 256, 0, 2.4533815383911133e+00 ]
   - [ 131, 219, 0, 2.8291022777557373e+00 ]
   - [ 132, 166, 0, 2.2671558856964111e+00 ]
   - [ 133, 154, 0, 2.3939650058746338e+00 ]
   - [ 134, 125, 0, 2.9154794216156006e+00 ]
   - [ 135, 66, 0, 2.5096879005432129e+00 ]
   - [ 136, 236, 0, 1.8038381338119507e+00 ]
   - [ 137, 176, 0, 2.4417598247528076e+00 ]
   - [ 138, 221, 0, 2.4906649589538574e+00 ]
   - [ 139, 78, 0, 2.4284777641296387e+00 ]
   - [ 140, 202, 0, 2.3853034973144531e+00 ]
   - [ 141, 174, 0, 2.6636693477630615e+00 ]
   - [ 142, 163, 0, 1.9458370208740234e+00 ]
   - [ 143, 213, 0, 2.3879590034484863e+00 ]
   - [ 144, 178, 0, 2.0573763847351074e+00 ]
   - [ 145, 154, 0, 2.1858823299407959e+00 ]
   - [ 146, 163, 0, 2.3092541694641113e+00 ]
   - [ 147, 163, 0, 1.8681459426879883e+00 ]
   - [ 148, 163, 0, 1.8416389226913452e+00 ]
   - [ 149, 265, 0, 3.5476902127265930e-01 ]
   - [ 150, 5, 0, 3.2730772495269775e+00 ]
   - [ 151, 187, 0, 1.6514037847518921e+00 ]
   - [ 152, 182, 0, 2.5030472278594971e+00 ]
   - [ 153, 75, 0, 2.1744189262390137e+00 ]
   - [ 154, 76, 0, 2.2948381900787354e+00 ]
   - [ 155, 37, 0, 2.4984352588653564e+00 ]
   - [ 156, 207, 0, 2.4964530467987061e+00 ]
   - [ 157, 37, 0, 2.7205610275268555e+00 ]
   - [ 158, 9, 0, 2.2421925067901611e+00 ]
   - [ 159, 97, 0, 2.4015595912933350e+00 ]
   - [ 160, 195, 0, 2.7673869132995605e+00 ]
   - [ 161, 242, 0, 2.2826011180877686e+00 ]
   - [ 162, 52, 0, 2.6367502212524414e+00 ]
   - [ 163, 9, 0, 2.6076333522796631e+00 ]
   - [ 164, 54, 0, 2.5648317337036133e+00 ]
   - [ 165, 76, 0, 2.4312765598297119e+00 ]
   - [ 166, 76, 0, 2.3423388004302979e+00 ]
   - [ 167, 211, 0, 2.1617257595062256e+00 ]
   - [ 168, 246, 0, 2.4928717613220215e+00 ]
   - [ 169, 242, 0, 2.1316113471984863e+00 ]
   - [ 170, 211, 0, 2.2222754955291748e+00 ]
   - [ 171, 154, 0, 2.0761561393737793e+00 ]
   - [ 172, 202, 0, 2.3557384014129639e+00 ]
   - [ 173, 76, 0, 2.3914322853088379e+00 ]
   - [ 174, 125, 0, 3.2110912799835205e+00 ]
   - [ 175, 97, 0, 2.4981777667999268e+00 ]
   - [ 176, 242, 0, 2.5179190635681152e+00 ]
   - [ 177, 176, 0, 2.3853535652160645e+00 ]
   - [ 178, 176, 0, 2.4223265647888184e+00 ]
   - [ 179, 148, 0, 1.8583090305328369e+00 ]
