%YAML:1.0
---
Matches:
   - [ 0, 169, 0, 3.3489401245117188e+02 ]
   - [ 1, 190, 0, 4.6568658447265625e+02 ]
   - [ 2, 220, 0, 4.0216165161132813e+02 ]
   - [ 3, 219, 0, 5.1350170898437500e+02 ]
   - [ 4, 74, 0, 5.8734149169921875e+02 ]
   - [ 5, 71, 0, 4.7406539916992188e+02 ]
   - [ 6, 30, 0, 4.9789657592773438e+02 ]
   - [ 7, 41, 0, 4.5722860717773438e+02 ]
   - [ 8, 194, 0, 5.8054888916015625e+02 ]
   - [ 9, 31, 0, 5.2523425292968750e+02 ]
   - [ 10, 194, 0, 4.7164498901367188e+02 ]
   - [ 11, 186, 0, 5.6606097412109375e+02 ]
   - [ 12, 208, 0, 5.6043731689453125e+02 ]
   - [ 13, 69, 0, 4.9169604492187500e+02 ]
   - [ 14, 175, 0, 4.9978594970703125e+02 ]
   - [ 15, 71, 0, 4.8286230468750000e+02 ]
   - [ 16, 173, 0, 5.1504077148437500e+02 ]
   - [ 17, 267, 0, 6.0344097900390625e+02 ]
   - [ 18, 210, 0, 6.1889660644531250e+02 ]
   - [ 19, 46, 0, 6.2589294433593750e+02 ]
   - [ 20, 75, 0, 4.6264349365234375e+02 ]
   - [ 21, 203, 0, 4.3136178588867188e+02 ]
   - [ 22, 81, 0, 6.1879479980468750e+02 ]
   - [ 23, 217, 0, 6.1407330322265625e+02 ]
   - [ 24, 58, 0, 6.0977209472656250e+02 ]
   - [ 25, 196, 0, 7.1008166503906250e+02 ]
   - [ 26, 227, 0, 4.7336242675781250e+02 ]
   - [ 27, 246, 0, 4.7051885986328125e+02 ]
   - [ 28, 232, 0, 4.8254431152343750e+02 ]
   - [ 29, 247, 0, 4.6871633911132813e+02 ]
   - [ 30, 202, 0, 5.3326446533203125e+02 ]
   - [ 31, 260, 0, 6.3497717285156250e+02 ]
   - [ 32, 255, 0, 4.0785781860351563e+02 ]
   - [ 33, 177, 0, 5.5798474121093750e+02 ]
   - [ 34, 177, 0, 4.9826599121093750e+02 ]
   - [ 35, 34, 0, 5.7991204833984375e+02 ]
   - [ 36, 258, 0, 4.4861676025390625e+02 ]
   - [ 37, 178, 0, 3.7142562866210938e+02 ]
   - [ 38, 177, 0, 4.9640710449218750e+02 ]
   - [ 39, 196, 0, 6.2414739990234375e+02 ]
   - [ 40, 177, 0, 6.4267565917968750e+02 ]
   - [ 41, 93, 0, 6.2127532958984375e+02 ]
   - [ 42, 154, 0, 6.9714276123046875e+02 ]
   - [ 43, 170, 0, 6.7304681396484375e+02 ]
   - [ 44, 84, 0, 6.4503179931640625e+02 ]
   - [ 45, 177, 0, 5.2075616455078125e+02 ]
   - [ 46, 258, 0, 3.9274291992187500e+02 ]
   - [ 47, 176, 0, 4.9155975341796875e+02 ]
   - [ 48, 194, 0, 5.3079278564453125e+02 ]
   - [ 49, 17, 0, 6.3540063476562500e+02 ]
   - [ 50, 258, 0, 5.5495764160156250e+02 ]
   - [ 51, 164, 0, 7.6610052490234375e+02 ]
   - [ 52, 258, 0, 6.6146807861328125e+02 ]
   - [ 53, 170, 0, 7.1317388916015625e+02 ]
   - [ 54, 5, 0, 6.0545605468750000e+02 ]
   - [ 55, 129, 0, 6.1518780517578125e+02 ]
   - [ 56, 4, 0, 5.6113366699218750e+02 ]
   - [ 57, 163, 0, 6.0889575195312500e+02 ]
   - [ 58, 93, 0, 6.6920550537109375e+02 ]
   - [ 59, 161, 0, 6.5788677978515625e+02 ]
   - [ 60, 27, 0, 6.7262841796875000e+02 ]
   - [ 61, 57, 0, 6.6981567382812500e+02 ]
   - [ 62, 253, 0, 4.8870748901367188e+02 ]
   - [ 63, 218, 0, 5.2195404052734375e+02 ]
   - [ 64, 91, 0, 7.3992700195312500e+02 ]
   - [ 65, 221, 0, 7.1162908935546875e+02 ]
   - [ 66, 258, 0, 5.5274041748046875e+02 ]
   - [ 67, 170, 0, 6.7994262695312500e+02 ]
   - [ 68, 14, 0, 7.0482977294921875e+02 ]
   - [ 69, 34, 0, 6.4964758300781250e+02 ]
   - [ 70, 177, 0, 6.8007427978515625e+02 ]
   - [ 71, 276, 0, 5.2935241699218750e+02 ]
   - [ 72, 176, 0, 5.5783154296875000e+02 ]
   - [ 73, 266, 0, 6.6462017822265625e+02 ]
   - [ 74, 14, 0, 6.4768975830078125e+02 ]
   - [ 75, 21, 0, 6.6890209960937500e+02 ]
   - [ 76, 21, 0, 6.7620855712890625e+02 ]
   - [ 77, 20, 0, 5.9472680664062500e+02 ]
   - [ 78, 266, 0, 5.5694970703125000e+02 ]
   - [ 79, 166, 0, 5.7041827392578125e+02 ]
   - [ 80, 248, 0, 6.2587536621093750e+02 ]
   - [ 81, 57, 0, 6.1916394042968750e+02 ]
   - [ 82, 220, 0, 6.1385260009765625e+02 ]
   - [ 83, 247, 0, 6.6476910400390625e+02 ]
   - [ 84, 34, 0, 7.2530682373046875e+02 ]
   - [ 85, 235, 0, 6.6893048095703125e+02 ]
   - [ 86, 235, 0, 6.8204986572265625e+02 ]
   - [ 87, 16, 0, 7.2896984863281250e+02 ]
   - [ 88, 199, 0, 6.9211053466796875e+02 ]
   - [ 89, 266, 0, 5.3079937744140625e+02 ]
   - [ 90, 202, 0, 5.1909442138671875e+02 ]
   - [ 91, 189, 0, 5.2080993652343750e+02 ]
   - [ 92, 173, 0, 4.5806768798828125e+02 ]
   - [ 93, 276, 0, 6.5758422851562500e+02 ]
   - [ 94, 212, 0, 8.5970806884765625e+02 ]
   - [ 95, 244, 0, 4.8050909423828125e+02 ]
   - [ 96, 163, 0, 5.1467657470703125e+02 ]
   - [ 97, 186, 0, 6.1402685546875000e+02 ]
   - [ 98, 73, 0, 6.3717736816406250e+02 ]
   - [ 99, 212, 0, 7.6978698730468750e+02 ]
   - [ 100, 247, 0, 4.4965429687500000e+02 ]
   - [ 101, 166, 0, 4.6667974853515625e+02 ]
   - [ 102, 177, 0, 4.8372720336914063e+02 ]
   - [ 103, 194, 0, 4.7057092285156250e+02 ]
   - [ 104, 258, 0, 3.5443475341796875e+02 ]
   - [ 105, 125, 0, 4.5754998779296875e+02 ]
   - [ 106, 56, 0, 5.0877990722656250e+02 ]
   - [ 107, 75, 0, 4.2586264038085938e+02 ]
   - [ 108, 179, 0, 4.9853686523437500e+02 ]
   - [ 109, 98, 0, 5.1243829345703125e+02 ]
   - [ 110, 143, 0, 5.0351165771484375e+02 ]
   - [ 111, 192, 0, 4.4897994995117188e+02 ]
   - [ 112, 59, 0, 6.6304748535156250e+02 ]
   - [ 113, 56, 0, 3.5037979125976563e+02 ]
   - [ 114, 250, 0, 7.7380358886718750e+02 ]
   - [ 115, 240, 0, 6.7537622070312500e+02 ]
   - [ 116, 169, 0, 6.7732855224609375e+02 ]
   - [ 117, 242, 0, 5.0592193603515625e+02 ]
   - [ 118, 2, 0, 5.7655529785156250e+02 ]
   - [ 119, 101, 0, 6.6596319580078125e+02 ]
   - [ 120, 3, 0, 5.4368371582031250e+02 ]
   - [ 121, 101, 0, 7.2023748779296875e+02 ]
   - [ 122, 105, 0, 6.1501135253906250e+02 ]
   - [ 123, 227, 0, 5.3343133544921875e+02 ]
   - [ 124, 62, 0, 8.1060778808593750e+02 ]
   - [ 125, 103, 0, 7.9565698242187500e+02 ]
   - [ 126, 14, 0, 6.5990380859375000e+02 ]
   - [ 127, 7, 0, 3.2381939697265625e+02 ]
   - [ 128, 16, 0, 7.0472833251953125e+02 ]
   - [ 129, 247, 0, 6.5737811279296875e+02 ]
   - [ 130, 199, 0, 7.3178961181640625e+02 ]
   - [ 131, 100, 0, 7.2153863525390625e+02 ]
   - [ 132, 274, 0, 6.5958544921875000e+02 ]
   - [ 133, 4, 0, 6.7854772949218750e+02 ]
   - [ 134, 203, 0, 5.8687133789062500e+02 ]
   - [ 135, 202, 0, 4.3175454711914063e+02 ]
   - [ 136, 129, 0, 5.4205718994140625e+02 ]
   - [ 137, 105, 0, 3.3464907836914063e+02 ]
   - [ 138, 264, 0, 6.6755822753906250e+02 ]
   - [ 139, 256, 0, 6.8936492919921875e+02 ]
   - [ 140, 195, 0, 5.1873114013671875e+02 ]
   - [ 141, 182, 0, 3.0538500976562500e+02 ]
   - [ 142, 163, 0, 5.1166394042968750e+02 ]
   - [ 143, 183, 0, 4.0070938110351563e+02 ]
   - [ 144, 180, 0, 5.8276837158203125e+02 ]
   - [ 145, 273, 0, 5.3825921630859375e+02 ]
   - [ 146, 196, 0, 5.4734722900390625e+02 ]
   - [ 147, 105, 0, 5.9003643798828125e+02 ]
   - [ 148, 177, 0, 4.7589074707031250e+02 ]
   - [ 149, 56, 0, 4.6631213378906250e+02 ]
   - [ 150, 176, 0, 6.1125689697265625e+02 ]
   - [ 151, 177, 0, 4.7220864868164063e+02 ]
   - [ 152, 248, 0, 5.8173187255859375e+02 ]
   - [ 153, 176, 0, 4.7789956665039063e+02 ]
   - [ 154, 243, 0, 5.4175823974609375e+02 ]
   - [ 155, 171, 0, 7.3569354248046875e+02 ]
   - [ 156, 180, 0, 4.9604736328125000e+02 ]
   - [ 157, 71, 0, 4.9328997802734375e+02 ]
   - [ 158, 41, 0, 5.9781768798828125e+02 ]
   - [ 159, 251, 0, 5.9412542724609375e+02 ]
   - [ 160, 176, 0, 5.7278356933593750e+02 ]
   - [ 161, 267, 0, 5.5284173583984375e+02 ]
   - [ 162, 54, 0, 6.9152008056640625e+02 ]
   - [ 163, 132, 0, 6.2485839843750000e+02 ]
   - [ 164, 18, 0, 4.8941189575195313e+02 ]
   - [ 165, 77, 0, 7.1145202636718750e+02 ]
   - [ 166, 163, 0, 5.2251318359375000e+02 ]
   - [ 167, 105, 0, 5.2716125488281250e+02 ]
   - [ 168, 142, 0, 6.3067901611328125e+02 ]
   - [ 169, 54, 0, 6.1496258544921875e+02 ]
   - [ 170, 119, 0, 7.6112286376953125e+02 ]
   - [ 171, 6, 0, 7.9379278564453125e+02 ]
   - [ 172, 18, 0, 6.0768084716796875e+02 ]
   - [ 173, 55, 0, 5.7761663818359375e+02 ]
   - [ 174, 176, 0, 5.1996636962890625e+02 ]
   - [ 175, 142, 0, 6.5907812500000000e+02 ]
   - [ 176, 157, 0, 6.3359295654296875e+02 ]
   - [ 177, 197, 0, 5.2323797607421875e+02 ]
   - [ 178, 145, 0, 7.0067395019531250e+02 ]
   - [ 179, 42, 0, 6.7600885009765625e+02 ]
   - [ 180, 19, 0, 5.2600952148437500e+02 ]
