%YAML:1.0
---
Matches:
   - [ 0, 34, 0, 4.4106689453125000e+02 ]
   - [ 1, 692, 0, 4.5441940307617188e+02 ]
   - [ 2, 40, 0, 3.5183660888671875e+02 ]
   - [ 3, 40, 0, 4.3513906860351563e+02 ]
   - [ 4, 353, 0, 2.6173269653320313e+02 ]
   - [ 5, 360, 0, 2.3937419128417969e+02 ]
   - [ 6, 33, 0, 2.3358938598632813e+02 ]
   - [ 7, 408, 0, 3.8680099487304688e+02 ]
   - [ 8, 33, 0, 2.2446157836914063e+02 ]
   - [ 9, 422, 0, 3.1130050659179688e+02 ]
   - [ 10, 420, 0, 2.8535415649414063e+02 ]
   - [ 11, 574, 0, 5.4865014648437500e+02 ]
   - [ 12, 424, 0, 6.0940545654296875e+02 ]
   - [ 13, 73, 0, 5.1339459228515625e+02 ]
   - [ 14, 73, 0, 5.5530261230468750e+02 ]
   - [ 15, 23, 0, 4.5147314453125000e+02 ]
   - [ 16, 658, 0, 583. ]
   - [ 17, 73, 0, 5.6971569824218750e+02 ]
   - [ 18, 571, 0, 5.6471496582031250e+02 ]
   - [ 19, 627, 0, 6.7866119384765625e+02 ]
   - [ 20, 571, 0, 5.6471496582031250e+02 ]
   - [ 21, 484, 0, 6.3283410644531250e+02 ]
   - [ 22, 679, 0, 7.3282537841796875e+02 ]
   - [ 23, 53, 0, 6.9348541259765625e+02 ]
   - [ 24, 562, 0, 5.8014996337890625e+02 ]
   - [ 25, 466, 0, 5.6986486816406250e+02 ]
   - [ 26, 545, 0, 5.4797082519531250e+02 ]
   - [ 27, 466, 0, 5.9708038330078125e+02 ]
   - [ 28, 315, 0, 7.0714849853515625e+02 ]
   - [ 29, 720, 0, 4.8443884277343750e+02 ]
   - [ 30, 24, 0, 3.9187371826171875e+02 ]
   - [ 31, 545, 0, 5.3034045410156250e+02 ]
   - [ 32, 46, 0, 7.0471057128906250e+02 ]
   - [ 33, 293, 0, 7.4088665771484375e+02 ]
   - [ 34, 495, 0, 5.7559362792968750e+02 ]
   - [ 35, 151, 0, 5.3149224853515625e+02 ]
   - [ 36, 1, 0, 5.5669738769531250e+02 ]
   - [ 37, 523, 0, 6.1887963867187500e+02 ]
   - [ 38, 1, 0, 5.2445306396484375e+02 ]
   - [ 39, 575, 0, 5.8688415527343750e+02 ]
   - [ 40, 687, 0, 4.9911221313476563e+02 ]
   - [ 41, 104, 0, 4.5814080810546875e+02 ]
   - [ 42, 324, 0, 5.3711730957031250e+02 ]
   - [ 43, 716, 0, 4.7793829345703125e+02 ]
   - [ 44, 1, 0, 4.0713388061523438e+02 ]
   - [ 45, 383, 0, 7.9213385009765625e+02 ]
   - [ 46, 504, 0, 6.0391888427734375e+02 ]
   - [ 47, 39, 0, 6.5537396240234375e+02 ]
   - [ 48, 324, 0, 4.7278536987304688e+02 ]
   - [ 49, 684, 0, 6.4103509521484375e+02 ]
   - [ 50, 691, 0, 6.8282281494140625e+02 ]
   - [ 51, 449, 0, 5.8770233154296875e+02 ]
   - [ 52, 664, 0, 5.0686093139648438e+02 ]
   - [ 53, 572, 0, 4.5864364624023438e+02 ]
   - [ 54, 602, 0, 6.0025909423828125e+02 ]
   - [ 55, 562, 0, 6.1712719726562500e+02 ]
   - [ 56, 443, 0, 4.7627618408203125e+02 ]
   - [ 57, 435, 0, 3.8334579467773438e+02 ]
   - [ 58, 622, 0, 7.0088085937500000e+02 ]
   - [ 59, 14, 0, 3.9038955688476563e+02 ]
   - [ 60, 635, 0, 6.7660699462890625e+02 ]
   - [ 61, 428, 0, 7.9215655517578125e+02 ]
   - [ 62, 505, 0, 6.7293310546875000e+02 ]
   - [ 63, 717, 0, 4.7656793212890625e+02 ]
   - [ 64, 171, 0, 5.3875042724609375e+02 ]
   - [ 65, 448, 0, 5.6670275878906250e+02 ]
   - [ 66, 358, 0, 4.7735415649414063e+02 ]
   - [ 67, 545, 0, 5.9615850830078125e+02 ]
   - [ 68, 462, 0, 5.1392993164062500e+02 ]
   - [ 69, 197, 0, 3.8622790527343750e+02 ]
   - [ 70, 439, 0, 5.7773522949218750e+02 ]
   - [ 71, 63, 0, 5.8412585449218750e+02 ]
   - [ 72, 63, 0, 5.5512249755859375e+02 ]
   - [ 73, 337, 0, 5.6233264160156250e+02 ]
   - [ 74, 336, 0, 7.6087384033203125e+02 ]
   - [ 75, 142, 0, 6.6649078369140625e+02 ]
   - [ 76, 198, 0, 5.7348669433593750e+02 ]
   - [ 77, 627, 0, 4.3644473266601563e+02 ]
   - [ 78, 627, 0, 5.4966900634765625e+02 ]
   - [ 79, 40, 0, 5.3701306152343750e+02 ]
   - [ 80, 2, 0, 5.5509545898437500e+02 ]
   - [ 81, 11, 0, 5.0003298950195313e+02 ]
   - [ 82, 270, 0, 5.7428997802734375e+02 ]
   - [ 83, 690, 0, 6.3537231445312500e+02 ]
   - [ 84, 239, 0, 6.7802288818359375e+02 ]
   - [ 85, 40, 0, 5.4158288574218750e+02 ]
   - [ 86, 652, 0, 6.2798248291015625e+02 ]
   - [ 87, 198, 0, 5.6774291992187500e+02 ]
   - [ 88, 14, 0, 4.0041729736328125e+02 ]
   - [ 89, 12, 0, 3.9971115112304688e+02 ]
   - [ 90, 436, 0, 4.8436041259765625e+02 ]
   - [ 91, 108, 0, 6.2114410400390625e+02 ]
   - [ 92, 197, 0, 5.5732037353515625e+02 ]
   - [ 93, 119, 0, 5.4205718994140625e+02 ]
   - [ 94, 13, 0, 5.3470086669921875e+02 ]
   - [ 95, 700, 0, 5.2229974365234375e+02 ]
   - [ 96, 559, 0, 5.7879357910156250e+02 ]
   - [ 97, 466, 0, 5.9089086914062500e+02 ]
   - [ 98, 643, 0, 5.5009729003906250e+02 ]
   - [ 99, 467, 0, 3.8585748291015625e+02 ]
   - [ 100, 142, 0, 6.0808306884765625e+02 ]
   - [ 101, 13, 0, 5.2073889160156250e+02 ]
   - [ 102, 627, 0, 4.7836911010742188e+02 ]
   - [ 103, 715, 0, 5.0947619628906250e+02 ]
   - [ 104, 435, 0, 5.4463842773437500e+02 ]
   - [ 105, 142, 0, 5.1623736572265625e+02 ]
   - [ 106, 593, 0, 5.9964489746093750e+02 ]
   - [ 107, 540, 0, 6.2913592529296875e+02 ]
   - [ 108, 529, 0, 6.7307800292968750e+02 ]
   - [ 109, 278, 0, 7.4229913330078125e+02 ]
   - [ 110, 615, 0, 5.2499047851562500e+02 ]
   - [ 111, 12, 0, 6.5609069824218750e+02 ]
   - [ 112, 594, 0, 4.5375433349609375e+02 ]
   - [ 113, 466, 0, 4.5281341552734375e+02 ]
   - [ 114, 709, 0, 4.7871807861328125e+02 ]
   - [ 115, 610, 0, 7.0338397216796875e+02 ]
   - [ 116, 72, 0, 6.5499462890625000e+02 ]
   - [ 117, 142, 0, 6.1075689697265625e+02 ]
   - [ 118, 142, 0, 6.6518041992187500e+02 ]
   - [ 119, 716, 0, 4.6342852783203125e+02 ]
   - [ 120, 10, 0, 5.3393725585937500e+02 ]
   - [ 121, 625, 0, 6.0913873291015625e+02 ]
   - [ 122, 679, 0, 5.7819372558593750e+02 ]
   - [ 123, 12, 0, 5.5438616943359375e+02 ]
   - [ 124, 557, 0, 6.0512231445312500e+02 ]
   - [ 125, 561, 0, 6.8846856689453125e+02 ]
   - [ 126, 240, 0, 6.7846520996093750e+02 ]
   - [ 127, 238, 0, 7.9411462402343750e+02 ]
   - [ 128, 700, 0, 5.9757763671875000e+02 ]
   - [ 129, 197, 0, 3.1913476562500000e+02 ]
   - [ 130, 219, 0, 5.4615197753906250e+02 ]
   - [ 131, 712, 0, 4.4380627441406250e+02 ]
   - [ 132, 221, 0, 7.3798376464843750e+02 ]
   - [ 133, 56, 0, 7.9566198730468750e+02 ]
   - [ 134, 197, 0, 5.1395428466796875e+02 ]
   - [ 135, 63, 0, 5.7128979492187500e+02 ]
   - [ 136, 467, 0, 5.1957867431640625e+02 ]
   - [ 137, 699, 0, 5.0772729492187500e+02 ]
   - [ 138, 610, 0, 4.7420669555664063e+02 ]
   - [ 139, 708, 0, 4.9479187011718750e+02 ]
   - [ 140, 592, 0, 5.7675036621093750e+02 ]
   - [ 141, 466, 0, 4.8897137451171875e+02 ]
   - [ 142, 573, 0, 5.3749884033203125e+02 ]
   - [ 143, 220, 0, 6.0739276123046875e+02 ]
   - [ 144, 711, 0, 5.4144897460937500e+02 ]
   - [ 145, 10, 0, 5.9483526611328125e+02 ]
   - [ 146, 10, 0, 5.9483526611328125e+02 ]
   - [ 147, 644, 0, 6.1848040771484375e+02 ]
   - [ 148, 570, 0, 5.6814172363281250e+02 ]
   - [ 149, 55, 0, 6.0827545166015625e+02 ]
   - [ 150, 19, 0, 4.3283483886718750e+02 ]
   - [ 151, 19, 0, 4.3283483886718750e+02 ]
   - [ 152, 0, 0, 6.1854669189453125e+02 ]
   - [ 153, 56, 0, 6.2685961914062500e+02 ]
   - [ 154, 119, 0, 6.0324786376953125e+02 ]
   - [ 155, 52, 0, 6.7988677978515625e+02 ]
   - [ 156, 590, 0, 5.6794805908203125e+02 ]
   - [ 157, 465, 0, 5.1317150878906250e+02 ]
   - [ 158, 86, 0, 5.4081140136718750e+02 ]
   - [ 159, 219, 0, 5.5885510253906250e+02 ]
   - [ 160, 205, 0, 6.1091735839843750e+02 ]
   - [ 161, 205, 0, 6.1328381347656250e+02 ]
   - [ 162, 377, 0, 6.8932287597656250e+02 ]
   - [ 163, 724, 0, 6.0703210449218750e+02 ]
   - [ 164, 724, 0, 6.0680224609375000e+02 ]
   - [ 165, 616, 0, 6.2056829833984375e+02 ]
   - [ 166, 711, 0, 5.9240270996093750e+02 ]
   - [ 167, 142, 0, 6.1489514160156250e+02 ]
   - [ 168, 142, 0, 6.2165826416015625e+02 ]
   - [ 169, 142, 0, 5.7947302246093750e+02 ]
   - [ 170, 663, 0, 4.9441278076171875e+02 ]
   - [ 171, 73, 0, 6.4538671875000000e+02 ]
   - [ 172, 504, 0, 6.3796313476562500e+02 ]
   - [ 173, 724, 0, 5.3540545654296875e+02 ]
   - [ 174, 54, 0, 4.6423162841796875e+02 ]
   - [ 175, 663, 0, 5.6055773925781250e+02 ]
   - [ 176, 55, 0, 6.2719616699218750e+02 ]
   - [ 177, 695, 0, 6.2832397460937500e+02 ]
   - [ 178, 131, 0, 5.6650421142578125e+02 ]
   - [ 179, 712, 0, 4.7065380859375000e+02 ]
   - [ 180, 712, 0, 4.7065380859375000e+02 ]
