%YAML:1.0
---
Matches:
   - [ 0, 363, 0, 1516. ]
   - [ 1, 692, 0, 1307. ]
   - [ 2, 40, 0, 1071. ]
   - [ 3, 40, 0, 1624. ]
   - [ 4, 353, 0, 550. ]
   - [ 5, 360, 0, 572. ]
   - [ 6, 33, 0, 506. ]
   - [ 7, 408, 0, 1217. ]
   - [ 8, 33, 0, 597. ]
   - [ 9, 422, 0, 786. ]
   - [ 10, 420, 0, 885. ]
   - [ 11, 225, 0, 1977. ]
   - [ 12, 586, 0, 2597. ]
   - [ 13, 73, 0, 2256. ]
   - [ 14, 435, 0, 2373. ]
   - [ 15, 23, 0, 1686. ]
   - [ 16, 463, 0, 2468. ]
   - [ 17, 73, 0, 2594. ]
   - [ 18, 472, 0, 2079. ]
   - [ 19, 627, 0, 3397. ]
   - [ 20, 472, 0, 2079. ]
   - [ 21, 484, 0, 3121. ]
   - [ 22, 679, 0, 3301. ]
   - [ 23, 53, 0, 3228. ]
   - [ 24, 709, 0, 2539. ]
   - [ 25, 466, 0, 2512. ]
   - [ 26, 679, 0, 2416. ]
   - [ 27, 466, 0, 2603. ]
   - [ 28, 315, 0, 3899. ]
   - [ 29, 720, 0, 1969. ]
   - [ 30, 24, 0, 1237. ]
   - [ 31, 545, 0, 2425. ]
   - [ 32, 46, 0, 3813. ]
   - [ 33, 46, 0, 3989. ]
   - [ 34, 191, 0, 2432. ]
   - [ 35, 571, 0, 2125. ]
   - [ 36, 201, 0, 2158. ]
   - [ 37, 523, 0, 3150. ]
   - [ 38, 2, 0, 1990. ]
   - [ 39, 59, 0, 2238. ]
   - [ 40, 574, 0, 2091. ]
   - [ 41, 104, 0, 1735. ]
   - [ 42, 198, 0, 2101. ]
   - [ 43, 1, 0, 1915. ]
   - [ 44, 1, 0, 1526. ]
   - [ 45, 274, 0, 4310. ]
   - [ 46, 504, 0, 2816. ]
   - [ 47, 39, 0, 3375. ]
   - [ 48, 324, 0, 1784. ]
   - [ 49, 253, 0, 3262. ]
   - [ 50, 691, 0, 3167. ]
   - [ 51, 449, 0, 2472. ]
   - [ 52, 572, 0, 1965. ]
   - [ 53, 572, 0, 1480. ]
   - [ 54, 568, 0, 2807. ]
   - [ 55, 504, 0, 2705. ]
   - [ 56, 443, 0, 1901. ]
   - [ 57, 435, 0, 1408. ]
   - [ 58, 622, 0, 3450. ]
   - [ 59, 14, 0, 1540. ]
   - [ 60, 635, 0, 2799. ]
   - [ 61, 428, 0, 4240. ]
   - [ 62, 0, 0, 3477. ]
   - [ 63, 717, 0, 2167. ]
   - [ 64, 171, 0, 2224. ]
   - [ 65, 448, 0, 2414. ]
   - [ 66, 358, 0, 1625. ]
   - [ 67, 328, 0, 2072. ]
   - [ 68, 462, 0, 2176. ]
   - [ 69, 25, 0, 1261. ]
   - [ 70, 418, 0, 2541. ]
   - [ 71, 63, 0, 2273. ]
   - [ 72, 63, 0, 2251. ]
   - [ 73, 103, 0, 2263. ]
   - [ 74, 130, 0, 3853. ]
   - [ 75, 338, 0, 3068. ]
   - [ 76, 198, 0, 2321. ]
   - [ 77, 627, 0, 1682. ]
   - [ 78, 627, 0, 2380. ]
   - [ 79, 393, 0, 2072. ]
   - [ 80, 2, 0, 2139. ]
   - [ 81, 11, 0, 2057. ]
   - [ 82, 270, 0, 2969. ]
   - [ 83, 465, 0, 2598. ]
   - [ 84, 239, 0, 3327. ]
   - [ 85, 40, 0, 2360. ]
   - [ 86, 652, 0, 2828. ]
   - [ 87, 466, 0, 2281. ]
   - [ 88, 14, 0, 1604. ]
   - [ 89, 16, 0, 1575. ]
   - [ 90, 436, 0, 1769. ]
   - [ 91, 16, 0, 2683. ]
   - [ 92, 11, 0, 2394. ]
   - [ 93, 119, 0, 2324. ]
   - [ 94, 14, 0, 2354. ]
   - [ 95, 700, 0, 2251. ]
   - [ 96, 573, 0, 2327. ]
   - [ 97, 573, 0, 2377. ]
   - [ 98, 643, 0, 2223. ]
   - [ 99, 467, 0, 1286. ]
   - [ 100, 329, 0, 2819. ]
   - [ 101, 17, 0, 2253. ]
   - [ 102, 627, 0, 1947. ]
   - [ 103, 715, 0, 2192. ]
   - [ 104, 435, 0, 2339. ]
   - [ 105, 329, 0, 2205. ]
   - [ 106, 593, 0, 2954. ]
   - [ 107, 540, 0, 2978. ]
   - [ 108, 529, 0, 3016. ]
   - [ 109, 278, 0, 3486. ]
   - [ 110, 610, 0, 2303. ]
   - [ 111, 482, 0, 3123. ]
   - [ 112, 594, 0, 1825. ]
   - [ 113, 466, 0, 1742. ]
   - [ 114, 456, 0, 1879. ]
   - [ 115, 610, 0, 3429. ]
   - [ 116, 195, 0, 3549. ]
   - [ 117, 142, 0, 2760. ]
   - [ 118, 466, 0, 3174. ]
   - [ 119, 675, 0, 2185. ]
   - [ 120, 10, 0, 2165. ]
   - [ 121, 444, 0, 2463. ]
   - [ 122, 679, 0, 2568. ]
   - [ 123, 12, 0, 2336. ]
   - [ 124, 557, 0, 2755. ]
   - [ 125, 76, 0, 3216. ]
   - [ 126, 240, 0, 2961. ]
   - [ 127, 649, 0, 4022. ]
   - [ 128, 700, 0, 2383. ]
   - [ 129, 197, 0, 955. ]
   - [ 130, 219, 0, 1784. ]
   - [ 131, 712, 0, 1658. ]
   - [ 132, 221, 0, 3696. ]
   - [ 133, 56, 0, 4176. ]
   - [ 134, 197, 0, 1847. ]
   - [ 135, 63, 0, 1970. ]
   - [ 136, 467, 0, 2140. ]
   - [ 137, 449, 0, 1919. ]
   - [ 138, 610, 0, 1922. ]
   - [ 139, 708, 0, 2039. ]
   - [ 140, 592, 0, 2909. ]
   - [ 141, 466, 0, 1773. ]
   - [ 142, 573, 0, 1893. ]
   - [ 143, 703, 0, 3039. ]
   - [ 144, 545, 0, 2588. ]
   - [ 145, 10, 0, 2451. ]
   - [ 146, 10, 0, 2451. ]
   - [ 147, 644, 0, 2970. ]
   - [ 148, 54, 0, 2195. ]
   - [ 149, 55, 0, 2765. ]
   - [ 150, 19, 0, 1730. ]
   - [ 151, 19, 0, 1730. ]
   - [ 152, 19, 0, 2607. ]
   - [ 153, 56, 0, 3111. ]
   - [ 154, 119, 0, 2278. ]
   - [ 155, 494, 0, 2796. ]
   - [ 156, 590, 0, 2407. ]
   - [ 157, 465, 0, 1699. ]
   - [ 158, 29, 0, 2107. ]
   - [ 159, 219, 0, 2149. ]
   - [ 160, 205, 0, 2680. ]
   - [ 161, 205, 0, 2703. ]
   - [ 162, 377, 0, 3710. ]
   - [ 163, 724, 0, 2620. ]
   - [ 164, 724, 0, 2615. ]
   - [ 165, 488, 0, 2894. ]
   - [ 166, 711, 0, 2907. ]
   - [ 167, 699, 0, 3056. ]
   - [ 168, 699, 0, 3007. ]
   - [ 169, 204, 0, 2460. ]
   - [ 170, 663, 0, 2138. ]
   - [ 171, 703, 0, 3157. ]
   - [ 172, 17, 0, 2890. ]
   - [ 173, 724, 0, 2275. ]
   - [ 174, 54, 0, 1773. ]
   - [ 175, 245, 0, 2497. ]
   - [ 176, 55, 0, 2847. ]
   - [ 177, 95, 0, 3058. ]
   - [ 178, 131, 0, 2275. ]
   - [ 179, 712, 0, 1573. ]
   - [ 180, 712, 0, 1573. ]
   - [ 181, 467, 0, 1137. ]
   - [ 182, 454, 0, 2967. ]
   - [ 183, 577, 0, 2153. ]
   - [ 184, 573, 0, 2635. ]
   - [ 185, 12, 0, 2058. ]
   - [ 186, 12, 0, 2058. ]
   - [ 187, 158, 0, 3228. ]
   - [ 188, 349, 0, 1954. ]
   - [ 189, 29, 0, 2441. ]
   - [ 190, 233, 0, 2152. ]
   - [ 191, 114, 0, 4387. ]
   - [ 192, 699, 0, 1864. ]
   - [ 193, 54, 0, 1624. ]
   - [ 194, 329, 0, 2285. ]
   - [ 195, 55, 0, 3245. ]
   - [ 196, 708, 0, 3241. ]
   - [ 197, 63, 0, 3172. ]
   - [ 198, 168, 0, 2795. ]
   - [ 199, 16, 0, 3374. ]
   - [ 200, 245, 0, 3340. ]
   - [ 201, 245, 0, 3434. ]
   - [ 202, 642, 0, 3171. ]
   - [ 203, 653, 0, 3832. ]
   - [ 204, 45, 0, 3317. ]
   - [ 205, 668, 0, 3264. ]
   - [ 206, 213, 0, 2645. ]
   - [ 207, 81, 0, 3280. ]
   - [ 208, 203, 0, 3050. ]
   - [ 209, 28, 0, 2780. ]
   - [ 210, 279, 0, 3318. ]
   - [ 211, 233, 0, 2786. ]
   - [ 212, 555, 0, 2976. ]
   - [ 213, 87, 0, 2685. ]
   - [ 214, 494, 0, 3442. ]
   - [ 215, 400, 0, 3119. ]
   - [ 216, 495, 0, 3120. ]
   - [ 217, 55, 0, 2635. ]
   - [ 218, 695, 0, 2967. ]
   - [ 219, 679, 0, 2154. ]
   - [ 220, 204, 0, 3212. ]
   - [ 221, 545, 0, 1280. ]
   - [ 222, 39, 0, 3021. ]
   - [ 223, 39, 0, 2986. ]
   - [ 224, 435, 0, 2504. ]
   - [ 225, 643, 0, 2251. ]
   - [ 226, 94, 0, 3162. ]
   - [ 227, 94, 0, 3560. ]
   - [ 228, 616, 0, 2807. ]
   - [ 229, 16, 0, 2256. ]
   - [ 230, 12, 0, 2764. ]
   - [ 231, 485, 0, 2347. ]
   - [ 232, 129, 0, 1650. ]
   - [ 233, 613, 0, 3122. ]
   - [ 234, 282, 0, 3386. ]
   - [ 235, 64, 0, 3088. ]
   - [ 236, 73, 0, 2785. ]
   - [ 237, 412, 0, 1685. ]
   - [ 238, 301, 0, 2290. ]
   - [ 239, 97, 0, 2799. ]
   - [ 240, 627, 0, 2307. ]
   - [ 241, 245, 0, 2175. ]
   - [ 242, 245, 0, 2024. ]
   - [ 243, 25, 0, 1329. ]
   - [ 244, 53, 0, 2925. ]
   - [ 245, 578, 0, 2356. ]
   - [ 246, 643, 0, 1876. ]
   - [ 247, 568, 0, 2569. ]
   - [ 248, 101, 0, 2213. ]
   - [ 249, 692, 0, 1667. ]
   - [ 250, 642, 0, 3144. ]
   - [ 251, 458, 0, 2113. ]
   - [ 252, 459, 0, 2263. ]
   - [ 253, 690, 0, 2097. ]
   - [ 254, 630, 0, 2367. ]
   - [ 255, 508, 0, 2357. ]
   - [ 256, 149, 0, 2000. ]
   - [ 257, 454, 0, 2473. ]
   - [ 258, 381, 0, 1876. ]
   - [ 259, 335, 0, 4297. ]
   - [ 260, 272, 0, 4566. ]
   - [ 261, 407, 0, 1103. ]
   - [ 262, 508, 0, 2235. ]
   - [ 263, 462, 0, 4489. ]
   - [ 264, 119, 0, 4082. ]
   - [ 265, 575, 0, 1806. ]
   - [ 266, 233, 0, 4306. ]
   - [ 267, 623, 0, 4760. ]
   - [ 268, 65, 0, 1312. ]
   - [ 269, 112, 0, 4494. ]
   - [ 270, 373, 0, 4045. ]
   - [ 271, 613, 0, 4067. ]
   - [ 272, 219, 0, 3490. ]
   - [ 273, 219, 0, 3490. ]
   - [ 274, 450, 0, 865. ]
   - [ 275, 363, 0, 588. ]
   - [ 276, 258, 0, 3020. ]
   - [ 277, 20, 0, 842. ]
   - [ 278, 233, 0, 2956. ]
   - [ 279, 454, 0, 2848. ]
   - [ 280, 643, 0, 2855. ]
   - [ 281, 585, 0, 3167. ]
   - [ 282, 420, 0, 940. ]
   - [ 283, 82, 0, 2127. ]
   - [ 284, 233, 0, 2081. ]
   - [ 285, 672, 0, 4684. ]
   - [ 286, 233, 0, 3231. ]
   - [ 287, 557, 0, 2204. ]
   - [ 288, 573, 0, 1483. ]
   - [ 289, 283, 0, 2525. ]
   - [ 290, 220, 0, 1927. ]
   - [ 291, 354, 0, 4336. ]
