%YAML:1.0
---
Matches:
   - [ 0, 381, 0, 40. ]
   - [ 1, 692, 0, 32. ]
   - [ 2, 40, 0, 39. ]
   - [ 3, 410, 0, 49. ]
   - [ 4, 37, 0, 17. ]
   - [ 5, 360, 0, 21. ]
   - [ 6, 33, 0, 21. ]
   - [ 7, 33, 0, 29. ]
   - [ 8, 33, 0, 17. ]
   - [ 9, 422, 0, 24. ]
   - [ 10, 129, 0, 29. ]
   - [ 11, 574, 0, 59. ]
   - [ 12, 45, 0, 54. ]
   - [ 13, 715, 0, 69. ]
   - [ 14, 435, 0, 70. ]
   - [ 15, 464, 0, 57. ]
   - [ 16, 212, 0, 70. ]
   - [ 17, 435, 0, 75. ]
   - [ 18, 472, 0, 55. ]
   - [ 19, 171, 0, 89. ]
   - [ 20, 472, 0, 55. ]
   - [ 21, 484, 0, 98. ]
   - [ 22, 472, 0, 83. ]
   - [ 23, 364, 0, 78. ]
   - [ 24, 709, 0, 64. ]
   - [ 25, 709, 0, 65. ]
   - [ 26, 472, 0, 66. ]
   - [ 27, 709, 0, 60. ]
   - [ 28, 584, 0, 102. ]
   - [ 29, 150, 0, 49. ]
   - [ 30, 24, 0, 34. ]
   - [ 31, 472, 0, 62. ]
   - [ 32, 46, 0, 119. ]
   - [ 33, 644, 0, 116. ]
   - [ 34, 725, 0, 71. ]
   - [ 35, 571, 0, 58. ]
   - [ 36, 201, 0, 51. ]
   - [ 37, 81, 0, 103. ]
   - [ 38, 25, 0, 55. ]
   - [ 39, 59, 0, 55. ]
   - [ 40, 574, 0, 58. ]
   - [ 41, 1, 0, 54. ]
   - [ 42, 149, 0, 54. ]
   - [ 43, 1, 0, 58. ]
   - [ 44, 171, 0, 46. ]
   - [ 45, 274, 0, 120. ]
   - [ 46, 494, 0, 87. ]
   - [ 47, 620, 0, 88. ]
   - [ 48, 2, 0, 52. ]
   - [ 49, 18, 0, 105. ]
   - [ 50, 55, 0, 79. ]
   - [ 51, 569, 0, 71. ]
   - [ 52, 572, 0, 48. ]
   - [ 53, 572, 0, 45. ]
   - [ 54, 426, 0, 81. ]
   - [ 55, 571, 0, 76. ]
   - [ 56, 58, 0, 56. ]
   - [ 57, 48, 0, 44. ]
   - [ 58, 372, 0, 104. ]
   - [ 59, 13, 0, 56. ]
   - [ 60, 649, 0, 73. ]
   - [ 61, 351, 0, 113. ]
   - [ 62, 0, 0, 91. ]
   - [ 63, 349, 0, 66. ]
   - [ 64, 160, 0, 66. ]
   - [ 65, 329, 0, 66. ]
   - [ 66, 358, 0, 41. ]
   - [ 67, 27, 0, 50. ]
   - [ 68, 607, 0, 66. ]
   - [ 69, 25, 0, 46. ]
   - [ 70, 55, 0, 77. ]
   - [ 71, 118, 0, 61. ]
   - [ 72, 402, 0, 58. ]
   - [ 73, 415, 0, 56. ]
   - [ 74, 494, 0, 106. ]
   - [ 75, 338, 0, 73. ]
   - [ 76, 661, 0, 56. ]
   - [ 77, 10, 0, 63. ]
   - [ 78, 254, 0, 66. ]
   - [ 79, 305, 0, 44. ]
   - [ 80, 201, 0, 61. ]
   - [ 81, 712, 0, 67. ]
   - [ 82, 305, 0, 95. ]
   - [ 83, 245, 0, 69. ]
   - [ 84, 239, 0, 93. ]
   - [ 85, 410, 0, 66. ]
   - [ 86, 509, 0, 73. ]
   - [ 87, 573, 0, 58. ]
   - [ 88, 245, 0, 53. ]
   - [ 89, 16, 0, 52. ]
   - [ 90, 25, 0, 54. ]
   - [ 91, 12, 0, 70. ]
   - [ 92, 26, 0, 58. ]
   - [ 93, 549, 0, 58. ]
   - [ 94, 198, 0, 70. ]
   - [ 95, 244, 0, 68. ]
   - [ 96, 573, 0, 67. ]
   - [ 97, 573, 0, 64. ]
   - [ 98, 594, 0, 65. ]
   - [ 99, 14, 0, 47. ]
   - [ 100, 575, 0, 74. ]
   - [ 101, 17, 0, 63. ]
   - [ 102, 413, 0, 65. ]
   - [ 103, 243, 0, 66. ]
   - [ 104, 48, 0, 54. ]
   - [ 105, 329, 0, 51. ]
   - [ 106, 435, 0, 92. ]
   - [ 107, 410, 0, 71. ]
   - [ 108, 282, 0, 77. ]
   - [ 109, 278, 0, 93. ]
   - [ 110, 95, 0, 62. ]
   - [ 111, 212, 0, 87. ]
   - [ 112, 594, 0, 67. ]
   - [ 113, 466, 0, 62. ]
   - [ 114, 456, 0, 62. ]
   - [ 115, 724, 0, 75. ]
   - [ 116, 27, 0, 92. ]
   - [ 117, 338, 0, 71. ]
   - [ 118, 495, 0, 81. ]
   - [ 119, 17, 0, 63. ]
   - [ 120, 10, 0, 62. ]
   - [ 121, 196, 0, 55. ]
   - [ 122, 641, 0, 66. ]
   - [ 123, 12, 0, 74. ]
   - [ 124, 557, 0, 85. ]
   - [ 125, 87, 0, 76. ]
   - [ 126, 279, 0, 78. ]
   - [ 127, 649, 0, 86. ]
   - [ 128, 573, 0, 69. ]
   - [ 129, 197, 0, 33. ]
   - [ 130, 29, 0, 51. ]
   - [ 131, 415, 0, 52. ]
   - [ 132, 577, 0, 90. ]
   - [ 133, 56, 0, 109. ]
   - [ 134, 197, 0, 50. ]
   - [ 135, 63, 0, 59. ]
   - [ 136, 467, 0, 56. ]
   - [ 137, 699, 0, 46. ]
   - [ 138, 95, 0, 58. ]
   - [ 139, 624, 0, 64. ]
   - [ 140, 545, 0, 110. ]
   - [ 141, 466, 0, 58. ]
   - [ 142, 573, 0, 58. ]
   - [ 143, 245, 0, 92. ]
   - [ 144, 19, 0, 83. ]
   - [ 145, 10, 0, 71. ]
   - [ 146, 10, 0, 71. ]
   - [ 147, 5, 0, 84. ]
   - [ 148, 55, 0, 54. ]
   - [ 149, 369, 0, 75. ]
   - [ 150, 19, 0, 55. ]
   - [ 151, 19, 0, 55. ]
   - [ 152, 19, 0, 60. ]
   - [ 153, 435, 0, 98. ]
   - [ 154, 119, 0, 66. ]
   - [ 155, 641, 0, 74. ]
   - [ 156, 19, 0, 65. ]
   - [ 157, 465, 0, 50. ]
   - [ 158, 29, 0, 51. ]
   - [ 159, 219, 0, 59. ]
   - [ 160, 219, 0, 73. ]
   - [ 161, 219, 0, 70. ]
   - [ 162, 70, 0, 105. ]
   - [ 163, 364, 0, 69. ]
   - [ 164, 364, 0, 69. ]
   - [ 165, 152, 0, 87. ]
   - [ 166, 711, 0, 108. ]
   - [ 167, 664, 0, 93. ]
   - [ 168, 329, 0, 98. ]
   - [ 169, 204, 0, 66. ]
   - [ 170, 39, 0, 75. ]
   - [ 171, 221, 0, 96. ]
   - [ 172, 11, 0, 78. ]
   - [ 173, 724, 0, 57. ]
   - [ 174, 54, 0, 49. ]
   - [ 175, 245, 0, 62. ]
   - [ 176, 254, 0, 73. ]
   - [ 177, 95, 0, 75. ]
   - [ 178, 364, 0, 57. ]
   - [ 179, 25, 0, 51. ]
   - [ 180, 25, 0, 51. ]
   - [ 181, 467, 0, 41. ]
   - [ 182, 454, 0, 96. ]
   - [ 183, 693, 0, 60. ]
   - [ 184, 573, 0, 59. ]
   - [ 185, 284, 0, 66. ]
   - [ 186, 284, 0, 66. ]
   - [ 187, 158, 0, 75. ]
   - [ 188, 349, 0, 62. ]
   - [ 189, 29, 0, 61. ]
   - [ 190, 233, 0, 69. ]
   - [ 191, 114, 0, 112. ]
   - [ 192, 699, 0, 46. ]
   - [ 193, 54, 0, 49. ]
   - [ 194, 329, 0, 66. ]
   - [ 195, 422, 0, 92. ]
   - [ 196, 708, 0, 86. ]
   - [ 197, 708, 0, 87. ]
   - [ 198, 45, 0, 55. ]
   - [ 199, 16, 0, 87. ]
   - [ 200, 245, 0, 81. ]
   - [ 201, 245, 0, 90. ]
   - [ 202, 35, 0, 74. ]
   - [ 203, 328, 0, 83. ]
   - [ 204, 45, 0, 78. ]
   - [ 205, 264, 0, 73. ]
   - [ 206, 76, 0, 80. ]
   - [ 207, 45, 0, 87. ]
   - [ 208, 45, 0, 78. ]
   - [ 209, 28, 0, 75. ]
   - [ 210, 641, 0, 68. ]
   - [ 211, 233, 0, 73. ]
   - [ 212, 194, 0, 69. ]
   - [ 213, 255, 0, 70. ]
   - [ 214, 702, 0, 92. ]
   - [ 215, 495, 0, 85. ]
   - [ 216, 495, 0, 98. ]
   - [ 217, 55, 0, 69. ]
   - [ 218, 119, 0, 74. ]
   - [ 219, 448, 0, 71. ]
   - [ 220, 679, 0, 90. ]
   - [ 221, 19, 0, 47. ]
   - [ 222, 171, 0, 90. ]
   - [ 223, 171, 0, 79. ]
   - [ 224, 493, 0, 74. ]
   - [ 225, 472, 0, 73. ]
   - [ 226, 94, 0, 104. ]
   - [ 227, 94, 0, 107. ]
   - [ 228, 199, 0, 84. ]
   - [ 229, 16, 0, 72. ]
   - [ 230, 715, 0, 79. ]
   - [ 231, 485, 0, 69. ]
   - [ 232, 19, 0, 41. ]
   - [ 233, 613, 0, 78. ]
   - [ 234, 282, 0, 92. ]
   - [ 235, 626, 0, 82. ]
   - [ 236, 715, 0, 81. ]
   - [ 237, 39, 0, 50. ]
   - [ 238, 424, 0, 64. ]
   - [ 239, 459, 0, 86. ]
   - [ 240, 676, 0, 73. ]
   - [ 241, 245, 0, 57. ]
   - [ 242, 199, 0, 63. ]
   - [ 243, 25, 0, 49. ]
   - [ 244, 53, 0, 76. ]
   - [ 245, 370, 0, 55. ]
   - [ 246, 709, 0, 57. ]
   - [ 247, 645, 0, 66. ]
   - [ 248, 226, 0, 68. ]
   - [ 249, 692, 0, 34. ]
   - [ 250, 330, 0, 88. ]
   - [ 251, 458, 0, 65. ]
   - [ 252, 459, 0, 72. ]
   - [ 253, 627, 0, 55. ]
   - [ 254, 522, 0, 66. ]
   - [ 255, 508, 0, 61. ]
   - [ 256, 149, 0, 48. ]
   - [ 257, 32, 0, 53. ]
   - [ 258, 381, 0, 39. ]
   - [ 259, 721, 0, 116. ]
   - [ 260, 580, 0, 105. ]
   - [ 261, 254, 0, 41. ]
   - [ 262, 161, 0, 48. ]
   - [ 263, 689, 0, 113. ]
   - [ 264, 119, 0, 108. ]
   - [ 265, 575, 0, 42. ]
   - [ 266, 193, 0, 102. ]
   - [ 267, 398, 0, 107. ]
   - [ 268, 65, 0, 38. ]
   - [ 269, 641, 0, 98. ]
   - [ 270, 373, 0, 84. ]
   - [ 271, 329, 0, 96. ]
   - [ 272, 219, 0, 71. ]
   - [ 273, 219, 0, 71. ]
   - [ 274, 450, 0, 32. ]
   - [ 275, 18, 0, 16. ]
   - [ 276, 649, 0, 81. ]
   - [ 277, 20, 0, 23. ]
   - [ 278, 233, 0, 61. ]
   - [ 279, 454, 0, 73. ]
   - [ 280, 135, 0, 72. ]
   - [ 281, 573, 0, 70. ]
   - [ 282, 129, 0, 31. ]
   - [ 283, 82, 0, 69. ]
   - [ 284, 233, 0, 65. ]
   - [ 285, 667, 0, 105. ]
   - [ 286, 76, 0, 82. ]
   - [ 287, 662, 0, 61. ]
   - [ 288, 573, 0, 41. ]
   - [ 289, 283, 0, 69. ]
   - [ 290, 286, 0, 59. ]
   - [ 291, 354, 0, 101. ]
   - [ 292, 709, 0, 81. ]
   - [ 293, 372, 0, 81. ]
   - [ 294, 557, 0, 61. ]
   - [ 295, 468, 0, 76. ]
   - [ 296, 65, 0, 93. ]
   - [ 297, 1, 0, 61. ]
   - [ 298, 317, 0, 65. ]
   - [ 299, 159, 0, 50. ]
   - [ 300, 12, 0, 68. ]
   - [ 301, 29, 0, 52. ]
   - [ 302, 325, 0, 91. ]
   - [ 303, 573, 0, 79. ]
   - [ 304, 353, 0, 61. ]
   - [ 305, 317, 0, 54. ]
   - [ 306, 727, 0, 77. ]
   - [ 307, 649, 0, 89. ]
   - [ 308, 373, 0, 102. ]
   - [ 309, 159, 0, 55. ]
   - [ 310, 97, 0, 78. ]
   - [ 311, 330, 0, 77. ]
   - [ 312, 649, 0, 66. ]
