%YAML:1.0
---
Matches:
   - [ 0, 254, 0, 52. ]
   - [ 1, 692, 0, 44. ]
   - [ 2, 40, 0, 45. ]
   - [ 3, 410, 0, 60. ]
   - [ 4, 37, 0, 23. ]
   - [ 5, 360, 0, 22. ]
   - [ 6, 33, 0, 23. ]
   - [ 7, 33, 0, 39. ]
   - [ 8, 33, 0, 25. ]
   - [ 9, 422, 0, 27. ]
   - [ 10, 129, 0, 33. ]
   - [ 11, 574, 0, 74. ]
   - [ 12, 45, 0, 76. ]
   - [ 13, 715, 0, 87. ]
   - [ 14, 435, 0, 92. ]
   - [ 15, 291, 0, 77. ]
   - [ 16, 212, 0, 92. ]
   - [ 17, 715, 0, 95. ]
   - [ 18, 472, 0, 71. ]
   - [ 19, 685, 0, 120. ]
   - [ 20, 472, 0, 71. ]
   - [ 21, 484, 0, 128. ]
   - [ 22, 0, 0, 118. ]
   - [ 23, 363, 0, 116. ]
   - [ 24, 709, 0, 86. ]
   - [ 25, 709, 0, 86. ]
   - [ 26, 472, 0, 86. ]
   - [ 27, 709, 0, 79. ]
   - [ 28, 315, 0, 129. ]
   - [ 29, 150, 0, 70. ]
   - [ 30, 161, 0, 42. ]
   - [ 31, 472, 0, 79. ]
   - [ 32, 46, 0, 146. ]
   - [ 33, 644, 0, 144. ]
   - [ 34, 725, 0, 90. ]
   - [ 35, 571, 0, 69. ]
   - [ 36, 201, 0, 75. ]
   - [ 37, 81, 0, 130. ]
   - [ 38, 2, 0, 76. ]
   - [ 39, 353, 0, 76. ]
   - [ 40, 574, 0, 77. ]
   - [ 41, 159, 0, 67. ]
   - [ 42, 716, 0, 75. ]
   - [ 43, 716, 0, 69. ]
   - [ 44, 171, 0, 59. ]
   - [ 45, 274, 0, 149. ]
   - [ 46, 494, 0, 116. ]
   - [ 47, 610, 0, 117. ]
   - [ 48, 2, 0, 66. ]
   - [ 49, 684, 0, 136. ]
   - [ 50, 55, 0, 109. ]
   - [ 51, 449, 0, 87. ]
   - [ 52, 572, 0, 60. ]
   - [ 53, 572, 0, 55. ]
   - [ 54, 426, 0, 101. ]
   - [ 55, 571, 0, 101. ]
   - [ 56, 58, 0, 74. ]
   - [ 57, 48, 0, 57. ]
   - [ 58, 622, 0, 129. ]
   - [ 59, 13, 0, 67. ]
   - [ 60, 594, 0, 95. ]
   - [ 61, 351, 0, 155. ]
   - [ 62, 699, 0, 119. ]
   - [ 63, 349, 0, 80. ]
   - [ 64, 160, 0, 86. ]
   - [ 65, 448, 0, 91. ]
   - [ 66, 358, 0, 51. ]
   - [ 67, 27, 0, 63. ]
   - [ 68, 716, 0, 79. ]
   - [ 69, 25, 0, 58. ]
   - [ 70, 55, 0, 100. ]
   - [ 71, 102, 0, 92. ]
   - [ 72, 402, 0, 73. ]
   - [ 73, 415, 0, 80. ]
   - [ 74, 494, 0, 148. ]
   - [ 75, 338, 0, 99. ]
   - [ 76, 19, 0, 75. ]
   - [ 77, 10, 0, 72. ]
   - [ 78, 40, 0, 77. ]
   - [ 79, 305, 0, 61. ]
   - [ 80, 201, 0, 80. ]
   - [ 81, 712, 0, 83. ]
   - [ 82, 270, 0, 113. ]
   - [ 83, 245, 0, 96. ]
   - [ 84, 239, 0, 117. ]
   - [ 85, 410, 0, 85. ]
   - [ 86, 509, 0, 98. ]
   - [ 87, 466, 0, 79. ]
   - [ 88, 245, 0, 73. ]
   - [ 89, 16, 0, 63. ]
   - [ 90, 25, 0, 69. ]
   - [ 91, 12, 0, 89. ]
   - [ 92, 26, 0, 79. ]
   - [ 93, 549, 0, 82. ]
   - [ 94, 700, 0, 87. ]
   - [ 95, 466, 0, 88. ]
   - [ 96, 466, 0, 88. ]
   - [ 97, 573, 0, 86. ]
   - [ 98, 594, 0, 74. ]
   - [ 99, 14, 0, 55. ]
   - [ 100, 575, 0, 100. ]
   - [ 101, 17, 0, 76. ]
   - [ 102, 627, 0, 80. ]
   - [ 103, 715, 0, 82. ]
   - [ 104, 48, 0, 72. ]
   - [ 105, 329, 0, 72. ]
   - [ 106, 435, 0, 113. ]
   - [ 107, 410, 0, 92. ]
   - [ 108, 282, 0, 113. ]
   - [ 109, 278, 0, 127. ]
   - [ 110, 695, 0, 85. ]
   - [ 111, 627, 0, 111. ]
   - [ 112, 594, 0, 73. ]
   - [ 113, 456, 0, 74. ]
   - [ 114, 456, 0, 72. ]
   - [ 115, 695, 0, 100. ]
   - [ 116, 27, 0, 109. ]
   - [ 117, 142, 0, 94. ]
   - [ 118, 686, 0, 107. ]
   - [ 119, 17, 0, 75. ]
   - [ 120, 10, 0, 79. ]
   - [ 121, 196, 0, 77. ]
   - [ 122, 641, 0, 94. ]
   - [ 123, 12, 0, 90. ]
   - [ 124, 557, 0, 112. ]
   - [ 125, 550, 0, 107. ]
   - [ 126, 240, 0, 107. ]
   - [ 127, 330, 0, 120. ]
   - [ 128, 573, 0, 93. ]
   - [ 129, 197, 0, 41. ]
   - [ 130, 219, 0, 67. ]
   - [ 131, 103, 0, 68. ]
   - [ 132, 102, 0, 124. ]
   - [ 133, 56, 0, 145. ]
   - [ 134, 197, 0, 69. ]
   - [ 135, 63, 0, 82. ]
   - [ 136, 467, 0, 80. ]
   - [ 137, 449, 0, 58. ]
   - [ 138, 610, 0, 80. ]
   - [ 139, 624, 0, 81. ]
   - [ 140, 545, 0, 136. ]
   - [ 141, 466, 0, 77. ]
   - [ 142, 573, 0, 73. ]
   - [ 143, 202, 0, 116. ]
   - [ 144, 19, 0, 104. ]
   - [ 145, 10, 0, 97. ]
   - [ 146, 10, 0, 97. ]
   - [ 147, 679, 0, 111. ]
   - [ 148, 55, 0, 67. ]
   - [ 149, 369, 0, 99. ]
   - [ 150, 19, 0, 68. ]
   - [ 151, 19, 0, 68. ]
   - [ 152, 19, 0, 84. ]
   - [ 153, 435, 0, 133. ]
   - [ 154, 119, 0, 82. ]
   - [ 155, 641, 0, 115. ]
   - [ 156, 19, 0, 85. ]
   - [ 157, 465, 0, 67. ]
   - [ 158, 29, 0, 69. ]
   - [ 159, 219, 0, 73. ]
   - [ 160, 264, 0, 101. ]
   - [ 161, 264, 0, 95. ]
   - [ 162, 70, 0, 150. ]
   - [ 163, 724, 0, 95. ]
   - [ 164, 724, 0, 95. ]
   - [ 165, 615, 0, 109. ]
   - [ 166, 711, 0, 126. ]
   - [ 167, 664, 0, 120. ]
   - [ 168, 699, 0, 119. ]
   - [ 169, 641, 0, 91. ]
   - [ 170, 465, 0, 89. ]
   - [ 171, 221, 0, 125. ]
   - [ 172, 11, 0, 95. ]
   - [ 173, 695, 0, 72. ]
   - [ 174, 54, 0, 60. ]
   - [ 175, 245, 0, 87. ]
   - [ 176, 369, 0, 98. ]
   - [ 177, 95, 0, 102. ]
   - [ 178, 724, 0, 82. ]
   - [ 179, 198, 0, 61. ]
   - [ 180, 198, 0, 61. ]
   - [ 181, 467, 0, 50. ]
   - [ 182, 435, 0, 129. ]
   - [ 183, 693, 0, 77. ]
   - [ 184, 573, 0, 84. ]
   - [ 185, 284, 0, 89. ]
   - [ 186, 284, 0, 89. ]
   - [ 187, 158, 0, 104. ]
   - [ 188, 349, 0, 79. ]
   - [ 189, 29, 0, 88. ]
   - [ 190, 233, 0, 94. ]
   - [ 191, 99, 0, 144. ]
   - [ 192, 699, 0, 59. ]
   - [ 193, 54, 0, 60. ]
   - [ 194, 329, 0, 81. ]
   - [ 195, 55, 0, 113. ]
   - [ 196, 708, 0, 110. ]
   - [ 197, 708, 0, 111. ]
   - [ 198, 45, 0, 79. ]
   - [ 199, 607, 0, 111. ]
   - [ 200, 245, 0, 118. ]
   - [ 201, 245, 0, 131. ]
   - [ 202, 35, 0, 109. ]
   - [ 203, 328, 0, 123. ]
   - [ 204, 45, 0, 109. ]
   - [ 205, 264, 0, 101. ]
   - [ 206, 76, 0, 103. ]
   - [ 207, 45, 0, 118. ]
   - [ 208, 215, 0, 105. ]
   - [ 209, 28, 0, 106. ]
   - [ 210, 328, 0, 104. ]
   - [ 211, 233, 0, 92. ]
   - [ 212, 194, 0, 98. ]
   - [ 213, 255, 0, 90. ]
   - [ 214, 702, 0, 116. ]
   - [ 215, 400, 0, 104. ]
   - [ 216, 725, 0, 128. ]
   - [ 217, 55, 0, 95. ]
   - [ 218, 119, 0, 103. ]
   - [ 219, 448, 0, 91. ]
   - [ 220, 494, 0, 116. ]
   - [ 221, 19, 0, 61. ]
   - [ 222, 562, 0, 123. ]
   - [ 223, 727, 0, 112. ]
   - [ 224, 493, 0, 98. ]
   - [ 225, 594, 0, 85. ]
   - [ 226, 94, 0, 134. ]
   - [ 227, 94, 0, 135. ]
   - [ 228, 616, 0, 114. ]
   - [ 229, 522, 0, 98. ]
   - [ 230, 715, 0, 108. ]
   - [ 231, 287, 0, 84. ]
   - [ 232, 19, 0, 55. ]
   - [ 233, 690, 0, 100. ]
   - [ 234, 282, 0, 118. ]
   - [ 235, 565, 0, 108. ]
   - [ 236, 715, 0, 108. ]
   - [ 237, 39, 0, 63. ]
   - [ 238, 424, 0, 85. ]
   - [ 239, 459, 0, 105. ]
   - [ 240, 627, 0, 92. ]
   - [ 241, 245, 0, 81. ]
   - [ 242, 199, 0, 81. ]
   - [ 243, 688, 0, 59. ]
   - [ 244, 53, 0, 100. ]
   - [ 245, 370, 0, 74. ]
   - [ 246, 709, 0, 66. ]
   - [ 247, 645, 0, 89. ]
   - [ 248, 645, 0, 89. ]
   - [ 249, 692, 0, 49. ]
   - [ 250, 330, 0, 122. ]
   - [ 251, 458, 0, 78. ]
   - [ 252, 459, 0, 88. ]
   - [ 253, 627, 0, 72. ]
   - [ 254, 522, 0, 84. ]
   - [ 255, 508, 0, 80. ]
   - [ 256, 149, 0, 61. ]
   - [ 257, 32, 0, 76. ]
   - [ 258, 381, 0, 52. ]
   - [ 259, 486, 0, 167. ]
   - [ 260, 580, 0, 147. ]
   - [ 261, 254, 0, 52. ]
   - [ 262, 153, 0, 67. ]
   - [ 263, 689, 0, 157. ]
   - [ 264, 119, 0, 150. ]
   - [ 265, 575, 0, 60. ]
   - [ 266, 193, 0, 151. ]
   - [ 267, 38, 0, 166. ]
   - [ 268, 65, 0, 52. ]
   - [ 269, 53, 0, 149. ]
   - [ 270, 373, 0, 123. ]
   - [ 271, 226, 0, 148. ]
   - [ 272, 219, 0, 106. ]
   - [ 273, 219, 0, 106. ]
   - [ 274, 417, 0, 39. ]
   - [ 275, 18, 0, 21. ]
   - [ 276, 649, 0, 110. ]
   - [ 277, 20, 0, 32. ]
   - [ 278, 233, 0, 93. ]
   - [ 279, 454, 0, 96. ]
   - [ 280, 135, 0, 99. ]
   - [ 281, 573, 0, 98. ]
   - [ 282, 129, 0, 36. ]
   - [ 283, 82, 0, 90. ]
   - [ 284, 233, 0, 82. ]
   - [ 285, 672, 0, 160. ]
   - [ 286, 76, 0, 112. ]
   - [ 287, 467, 0, 95. ]
   - [ 288, 573, 0, 55. ]
   - [ 289, 283, 0, 94. ]
   - [ 290, 220, 0, 82. ]
   - [ 291, 354, 0, 150. ]
   - [ 292, 448, 0, 118. ]
   - [ 293, 679, 0, 117. ]
   - [ 294, 557, 0, 89. ]
   - [ 295, 468, 0, 109. ]
   - [ 296, 355, 0, 143. ]
   - [ 297, 574, 0, 83. ]
   - [ 298, 216, 0, 92. ]
   - [ 299, 159, 0, 68. ]
   - [ 300, 12, 0, 91. ]
   - [ 301, 29, 0, 69. ]
   - [ 302, 325, 0, 120. ]
   - [ 303, 573, 0, 120. ]
   - [ 304, 353, 0, 86. ]
   - [ 305, 171, 0, 67. ]
   - [ 306, 105, 0, 107. ]
   - [ 307, 649, 0, 138. ]
   - [ 308, 373, 0, 153. ]
