%YAML:1.0
---
Matches:
   - [ 0, 248, 0, 51. ]
   - [ 1, 393, 0, 51. ]
   - [ 2, 276, 0, 55. ]
   - [ 3, 440, 0, 40. ]
   - [ 4, 456, 0, 44. ]
   - [ 5, 113, 0, 42. ]
   - [ 6, 340, 0, 50. ]
   - [ 7, 410, 0, 41. ]
   - [ 8, 459, 0, 31. ]
   - [ 9, 4, 0, 50. ]
   - [ 10, 115, 0, 62. ]
   - [ 11, 384, 0, 32. ]
   - [ 12, 381, 0, 44. ]
   - [ 13, 0, 0, 45. ]
   - [ 14, 1, 0, 37. ]
   - [ 15, 8, 0, 30. ]
   - [ 16, 8, 0, 24. ]
   - [ 17, 290, 0, 45. ]
   - [ 18, 290, 0, 55. ]
   - [ 19, 326, 0, 41. ]
   - [ 20, 318, 0, 38. ]
   - [ 21, 324, 0, 42. ]
   - [ 22, 47, 0, 31. ]
   - [ 23, 47, 0, 48. ]
   - [ 24, 472, 0, 53. ]
   - [ 25, 1, 0, 44. ]
   - [ 26, 294, 0, 38. ]
   - [ 27, 42, 0, 52. ]
   - [ 28, 7, 0, 46. ]
   - [ 29, 320, 0, 49. ]
   - [ 30, 0, 0, 48. ]
   - [ 31, 0, 0, 41. ]
   - [ 32, 7, 0, 25. ]
   - [ 33, 415, 0, 40. ]
   - [ 34, 450, 0, 44. ]
   - [ 35, 384, 0, 41. ]
   - [ 36, 202, 0, 52. ]
   - [ 37, 152, 0, 56. ]
   - [ 38, 7, 0, 51. ]
   - [ 39, 0, 0, 52. ]
   - [ 40, 81, 0, 49. ]
   - [ 41, 47, 0, 29. ]
   - [ 42, 401, 0, 32. ]
   - [ 43, 37, 0, 31. ]
   - [ 44, 320, 0, 45. ]
   - [ 45, 450, 0, 37. ]
   - [ 46, 488, 0, 47. ]
   - [ 47, 461, 0, 29. ]
   - [ 48, 428, 0, 43. ]
   - [ 49, 459, 0, 47. ]
   - [ 50, 143, 0, 57. ]
   - [ 51, 66, 0, 50. ]
   - [ 52, 488, 0, 45. ]
   - [ 53, 333, 0, 27. ]
   - [ 54, 384, 0, 30. ]
   - [ 55, 400, 0, 57. ]
   - [ 56, 1, 0, 40. ]
   - [ 57, 89, 0, 30. ]
   - [ 58, 81, 0, 49. ]
   - [ 59, 384, 0, 29. ]
   - [ 60, 384, 0, 31. ]
   - [ 61, 384, 0, 27. ]
   - [ 62, 298, 0, 30. ]
   - [ 63, 51, 0, 49. ]
   - [ 64, 62, 0, 63. ]
   - [ 65, 429, 0, 38. ]
   - [ 66, 450, 0, 44. ]
   - [ 67, 47, 0, 36. ]
   - [ 68, 294, 0, 38. ]
   - [ 69, 388, 0, 24. ]
   - [ 70, 50, 0, 52. ]
   - [ 71, 1, 0, 46. ]
   - [ 72, 81, 0, 54. ]
   - [ 73, 448, 0, 48. ]
   - [ 74, 422, 0, 43. ]
   - [ 75, 449, 0, 72. ]
   - [ 76, 449, 0, 69. ]
   - [ 77, 319, 0, 56. ]
   - [ 78, 424, 0, 35. ]
   - [ 79, 197, 0, 74. ]
   - [ 80, 344, 0, 37. ]
   - [ 81, 270, 0, 64. ]
   - [ 82, 59, 0, 57. ]
   - [ 83, 190, 0, 64. ]
   - [ 84, 4, 0, 34. ]
   - [ 85, 476, 0, 58. ]
   - [ 86, 345, 0, 27. ]
   - [ 87, 424, 0, 41. ]
   - [ 88, 297, 0, 47. ]
   - [ 89, 195, 0, 29. ]
   - [ 90, 384, 0, 32. ]
   - [ 91, 401, 0, 20. ]
   - [ 92, 368, 0, 37. ]
   - [ 93, 191, 0, 41. ]
   - [ 94, 335, 0, 42. ]
   - [ 95, 1, 0, 47. ]
   - [ 96, 384, 0, 33. ]
   - [ 97, 139, 0, 52. ]
   - [ 98, 195, 0, 39. ]
   - [ 99, 474, 0, 27. ]
   - [ 100, 5, 0, 43. ]
   - [ 101, 5, 0, 50. ]
   - [ 102, 393, 0, 49. ]
   - [ 103, 474, 0, 29. ]
   - [ 104, 432, 0, 50. ]
   - [ 105, 474, 0, 32. ]
   - [ 106, 367, 0, 39. ]
   - [ 107, 469, 0, 36. ]
   - [ 108, 441, 0, 46. ]
   - [ 109, 418, 0, 30. ]
   - [ 110, 384, 0, 26. ]
   - [ 111, 430, 0, 39. ]
   - [ 112, 1, 0, 30. ]
   - [ 113, 385, 0, 35. ]
   - [ 114, 384, 0, 35. ]
   - [ 115, 446, 0, 35. ]
   - [ 116, 337, 0, 40. ]
   - [ 117, 46, 0, 59. ]
   - [ 118, 40, 0, 56. ]
   - [ 119, 1, 0, 48. ]
   - [ 120, 488, 0, 40. ]
   - [ 121, 101, 0, 46. ]
   - [ 122, 297, 0, 43. ]
   - [ 123, 22, 0, 41. ]
   - [ 124, 1, 0, 34. ]
   - [ 125, 1, 0, 30. ]
   - [ 126, 469, 0, 52. ]
   - [ 127, 214, 0, 37. ]
   - [ 128, 352, 0, 29. ]
   - [ 129, 453, 0, 38. ]
   - [ 130, 1, 0, 44. ]
   - [ 131, 429, 0, 41. ]
   - [ 132, 418, 0, 28. ]
   - [ 133, 261, 0, 50. ]
   - [ 134, 388, 0, 23. ]
   - [ 135, 469, 0, 26. ]
   - [ 136, 384, 0, 29. ]
   - [ 137, 384, 0, 23. ]
   - [ 138, 3, 0, 57. ]
   - [ 139, 461, 0, 41. ]
   - [ 140, 3, 0, 65. ]
   - [ 141, 325, 0, 19. ]
   - [ 142, 450, 0, 34. ]
   - [ 143, 461, 0, 33. ]
   - [ 144, 272, 0, 65. ]
   - [ 145, 384, 0, 33. ]
   - [ 146, 474, 0, 42. ]
   - [ 147, 294, 0, 31. ]
   - [ 148, 450, 0, 42. ]
   - [ 149, 37, 0, 30. ]
   - [ 150, 360, 0, 42. ]
   - [ 151, 387, 0, 42. ]
   - [ 152, 59, 0, 40. ]
   - [ 153, 7, 0, 49. ]
   - [ 154, 108, 0, 62. ]
   - [ 155, 5, 0, 43. ]
   - [ 156, 12, 0, 38. ]
   - [ 157, 475, 0, 28. ]
   - [ 158, 376, 0, 58. ]
   - [ 159, 1, 0, 49. ]
   - [ 160, 344, 0, 31. ]
   - [ 161, 488, 0, 40. ]
   - [ 162, 487, 0, 39. ]
   - [ 163, 384, 0, 21. ]
   - [ 164, 415, 0, 46. ]
   - [ 165, 384, 0, 33. ]
   - [ 166, 423, 0, 43. ]
   - [ 167, 345, 0, 28. ]
   - [ 168, 355, 0, 58. ]
   - [ 169, 186, 0, 45. ]
   - [ 170, 74, 0, 53. ]
   - [ 171, 147, 0, 60. ]
   - [ 172, 368, 0, 32. ]
   - [ 173, 440, 0, 48. ]
   - [ 174, 5, 0, 44. ]
   - [ 175, 415, 0, 48. ]
   - [ 176, 1, 0, 47. ]
   - [ 177, 9, 0, 42. ]
   - [ 178, 410, 0, 50. ]
   - [ 179, 46, 0, 47. ]
   - [ 180, 474, 0, 28. ]
   - [ 181, 40, 0, 38. ]
   - [ 182, 384, 0, 33. ]
   - [ 183, 475, 0, 36. ]
   - [ 184, 450, 0, 26. ]
   - [ 185, 52, 0, 54. ]
   - [ 186, 253, 0, 42. ]
   - [ 187, 337, 0, 29. ]
   - [ 188, 352, 0, 32. ]
   - [ 189, 490, 0, 43. ]
   - [ 190, 313, 0, 47. ]
   - [ 191, 354, 0, 40. ]
   - [ 192, 488, 0, 34. ]
   - [ 193, 89, 0, 34. ]
   - [ 194, 258, 0, 53. ]
   - [ 195, 258, 0, 55. ]
   - [ 196, 198, 0, 45. ]
   - [ 197, 0, 0, 49. ]
   - [ 198, 376, 0, 61. ]
   - [ 199, 1, 0, 43. ]
   - [ 200, 3, 0, 55. ]
   - [ 201, 461, 0, 26. ]
   - [ 202, 1, 0, 41. ]
   - [ 203, 387, 0, 44. ]
   - [ 204, 384, 0, 32. ]
   - [ 205, 474, 0, 31. ]
   - [ 206, 469, 0, 23. ]
   - [ 207, 360, 0, 44. ]
   - [ 208, 362, 0, 63. ]
   - [ 209, 474, 0, 27. ]
   - [ 210, 1, 0, 39. ]
   - [ 211, 125, 0, 33. ]
   - [ 212, 384, 0, 31. ]
   - [ 213, 59, 0, 49. ]
   - [ 214, 410, 0, 49. ]
   - [ 215, 29, 0, 52. ]
   - [ 216, 16, 0, 39. ]
   - [ 217, 262, 0, 26. ]
   - [ 218, 344, 0, 29. ]
   - [ 219, 9, 0, 38. ]
   - [ 220, 476, 0, 52. ]
   - [ 221, 418, 0, 27. ]
   - [ 222, 352, 0, 37. ]
   - [ 223, 261, 0, 56. ]
   - [ 224, 164, 0, 52. ]
   - [ 225, 19, 0, 58. ]
   - [ 226, 388, 0, 41. ]
   - [ 227, 428, 0, 41. ]
   - [ 228, 384, 0, 25. ]
   - [ 229, 92, 0, 56. ]
   - [ 230, 47, 0, 46. ]
   - [ 231, 384, 0, 32. ]
   - [ 232, 388, 0, 32. ]
   - [ 233, 461, 0, 31. ]
   - [ 234, 474, 0, 26. ]
   - [ 235, 384, 0, 28. ]
   - [ 236, 83, 0, 48. ]
   - [ 237, 441, 0, 42. ]
   - [ 238, 125, 0, 26. ]
   - [ 239, 401, 0, 16. ]
   - [ 240, 4, 0, 49. ]
   - [ 241, 1, 0, 44. ]
   - [ 242, 458, 0, 57. ]
   - [ 243, 490, 0, 50. ]
   - [ 244, 458, 0, 53. ]
   - [ 245, 472, 0, 37. ]
   - [ 246, 388, 0, 42. ]
   - [ 247, 405, 0, 40. ]
   - [ 248, 450, 0, 40. ]
   - [ 249, 384, 0, 31. ]
   - [ 250, 319, 0, 45. ]
   - [ 251, 408, 0, 34. ]
   - [ 252, 191, 0, 38. ]
   - [ 253, 293, 0, 54. ]
   - [ 254, 185, 0, 58. ]
   - [ 255, 464, 0, 36. ]
   - [ 256, 452, 0, 22. ]
   - [ 257, 384, 0, 33. ]
   - [ 258, 368, 0, 39. ]
   - [ 259, 369, 0, 53. ]
   - [ 260, 52, 0, 55. ]
   - [ 261, 174, 0, 43. ]
   - [ 262, 10, 0, 59. ]
   - [ 263, 174, 0, 49. ]
   - [ 264, 476, 0, 48. ]
   - [ 265, 434, 0, 41. ]
   - [ 266, 37, 0, 30. ]
   - [ 267, 469, 0, 24. ]
   - [ 268, 59, 0, 34. ]
   - [ 269, 8, 0, 54. ]
   - [ 270, 452, 0, 26. ]
   - [ 271, 387, 0, 44. ]
   - [ 272, 11, 0, 44. ]
   - [ 273, 7, 0, 38. ]
   - [ 274, 327, 0, 65. ]
   - [ 275, 474, 0, 25. ]
   - [ 276, 191, 0, 38. ]
   - [ 277, 38, 0, 60. ]
   - [ 278, 424, 0, 17. ]
   - [ 279, 413, 0, 48. ]
   - [ 280, 238, 0, 54. ]
   - [ 281, 136, 0, 52. ]
   - [ 282, 345, 0, 36. ]
   - [ 283, 344, 0, 15. ]
   - [ 284, 488, 0, 41. ]
   - [ 285, 159, 0, 49. ]
   - [ 286, 384, 0, 31. ]
   - [ 287, 52, 0, 44. ]
   - [ 288, 469, 0, 29. ]
   - [ 289, 8, 0, 32. ]
   - [ 290, 181, 0, 41. ]
   - [ 291, 276, 0, 52. ]
   - [ 292, 446, 0, 37. ]
   - [ 293, 89, 0, 29. ]
   - [ 294, 422, 0, 47. ]
   - [ 295, 344, 0, 30. ]
   - [ 296, 313, 0, 56. ]
   - [ 297, 8, 0, 23. ]
   - [ 298, 2, 0, 54. ]
   - [ 299, 212, 0, 43. ]
   - [ 300, 428, 0, 43. ]
   - [ 301, 59, 0, 46. ]
   - [ 302, 324, 0, 62. ]
   - [ 303, 52, 0, 52. ]
   - [ 304, 8, 0, 28. ]
   - [ 305, 7, 0, 36. ]
   - [ 306, 224, 0, 58. ]
   - [ 307, 191, 0, 34. ]
   - [ 308, 7, 0, 46. ]
   - [ 309, 452, 0, 35. ]
   - [ 310, 47, 0, 52. ]
   - [ 311, 1, 0, 39. ]
   - [ 312, 38, 0, 50. ]
   - [ 313, 315, 0, 48. ]
   - [ 314, 429, 0, 48. ]
   - [ 315, 408, 0, 37. ]
