%YAML:1.0
---
Matches:
   - [ 0, 27, 0, 1342. ]
   - [ 1, 476, 0, 1254. ]
   - [ 2, 101, 0, 1255. ]
   - [ 3, 440, 0, 1094. ]
   - [ 4, 423, 0, 1404. ]
   - [ 5, 78, 0, 864. ]
   - [ 6, 99, 0, 1375. ]
   - [ 7, 377, 0, 845. ]
   - [ 8, 459, 0, 893. ]
   - [ 9, 146, 0, 1246. ]
   - [ 10, 247, 0, 1485. ]
   - [ 11, 384, 0, 747. ]
   - [ 12, 483, 0, 1032. ]
   - [ 13, 345, 0, 1150. ]
   - [ 14, 195, 0, 1097. ]
   - [ 15, 8, 0, 943. ]
   - [ 16, 469, 0, 727. ]
   - [ 17, 388, 0, 841. ]
   - [ 18, 439, 0, 1326. ]
   - [ 19, 384, 0, 926. ]
   - [ 20, 47, 0, 867. ]
   - [ 21, 327, 0, 1284. ]
   - [ 22, 47, 0, 689. ]
   - [ 23, 285, 0, 1114. ]
   - [ 24, 31, 0, 1397. ]
   - [ 25, 1, 0, 1255. ]
   - [ 26, 388, 0, 726. ]
   - [ 27, 22, 0, 1327. ]
   - [ 28, 465, 0, 1018. ]
   - [ 29, 320, 0, 1191. ]
   - [ 30, 387, 0, 1222. ]
   - [ 31, 46, 0, 1182. ]
   - [ 32, 7, 0, 550. ]
   - [ 33, 415, 0, 1256. ]
   - [ 34, 450, 0, 821. ]
   - [ 35, 47, 0, 1135. ]
   - [ 36, 244, 0, 1181. ]
   - [ 37, 92, 0, 1331. ]
   - [ 38, 7, 0, 1004. ]
   - [ 39, 143, 0, 1149. ]
   - [ 40, 46, 0, 1264. ]
   - [ 41, 384, 0, 744. ]
   - [ 42, 345, 0, 860. ]
   - [ 43, 120, 0, 716. ]
   - [ 44, 320, 0, 1129. ]
   - [ 45, 47, 0, 960. ]
   - [ 46, 334, 0, 1122. ]
   - [ 47, 345, 0, 730. ]
   - [ 48, 11, 0, 1157. ]
   - [ 49, 474, 0, 952. ]
   - [ 50, 143, 0, 932. ]
   - [ 51, 319, 0, 1278. ]
   - [ 52, 334, 0, 1303. ]
   - [ 53, 120, 0, 426. ]
   - [ 54, 446, 0, 812. ]
   - [ 55, 306, 0, 1233. ]
   - [ 56, 46, 0, 1246. ]
   - [ 57, 89, 0, 724. ]
   - [ 58, 17, 0, 1437. ]
   - [ 59, 384, 0, 880. ]
   - [ 60, 446, 0, 797. ]
   - [ 61, 384, 0, 745. ]
   - [ 62, 298, 0, 695. ]
   - [ 63, 428, 0, 1340. ]
   - [ 64, 476, 0, 1596. ]
   - [ 65, 388, 0, 902. ]
   - [ 66, 489, 0, 1214. ]
   - [ 67, 264, 0, 986. ]
   - [ 68, 40, 0, 1330. ]
   - [ 69, 388, 0, 541. ]
   - [ 70, 328, 0, 1361. ]
   - [ 71, 361, 0, 1358. ]
   - [ 72, 81, 0, 1612. ]
   - [ 73, 16, 0, 1173. ]
   - [ 74, 422, 0, 1306. ]
   - [ 75, 245, 0, 1354. ]
   - [ 76, 245, 0, 1464. ]
   - [ 77, 74, 0, 1249. ]
   - [ 78, 71, 0, 846. ]
   - [ 79, 221, 0, 1342. ]
   - [ 80, 195, 0, 846. ]
   - [ 81, 32, 0, 1562. ]
   - [ 82, 52, 0, 1651. ]
   - [ 83, 81, 0, 1468. ]
   - [ 84, 344, 0, 845. ]
   - [ 85, 342, 0, 1468. ]
   - [ 86, 345, 0, 934. ]
   - [ 87, 107, 0, 1069. ]
   - [ 88, 363, 0, 1198. ]
   - [ 89, 71, 0, 702. ]
   - [ 90, 4, 0, 890. ]
   - [ 91, 401, 0, 335. ]
   - [ 92, 41, 0, 707. ]
   - [ 93, 334, 0, 914. ]
   - [ 94, 441, 0, 886. ]
   - [ 95, 35, 0, 1154. ]
   - [ 96, 446, 0, 775. ]
   - [ 97, 139, 0, 968. ]
   - [ 98, 271, 0, 784. ]
   - [ 99, 377, 0, 798. ]
   - [ 100, 248, 0, 1174. ]
   - [ 101, 141, 0, 1160. ]
   - [ 102, 213, 0, 1294. ]
   - [ 103, 474, 0, 713. ]
   - [ 104, 388, 0, 1001. ]
   - [ 105, 455, 0, 656. ]
   - [ 106, 450, 0, 1116. ]
   - [ 107, 469, 0, 866. ]
   - [ 108, 473, 0, 1068. ]
   - [ 109, 418, 0, 745. ]
   - [ 110, 326, 0, 802. ]
   - [ 111, 342, 0, 860. ]
   - [ 112, 1, 0, 1000. ]
   - [ 113, 377, 0, 794. ]
   - [ 114, 293, 0, 1065. ]
   - [ 115, 446, 0, 792. ]
   - [ 116, 165, 0, 954. ]
   - [ 117, 149, 0, 1264. ]
   - [ 118, 293, 0, 1356. ]
   - [ 119, 195, 0, 1277. ]
   - [ 120, 488, 0, 1225. ]
   - [ 121, 0, 0, 1283. ]
   - [ 122, 271, 0, 1011. ]
   - [ 123, 8, 0, 1328. ]
   - [ 124, 1, 0, 1204. ]
   - [ 125, 1, 0, 647. ]
   - [ 126, 410, 0, 1335. ]
   - [ 127, 98, 0, 1098. ]
   - [ 128, 388, 0, 685. ]
   - [ 129, 453, 0, 897. ]
   - [ 130, 1, 0, 1243. ]
   - [ 131, 429, 0, 1075. ]
   - [ 132, 418, 0, 818. ]
   - [ 133, 301, 0, 1273. ]
   - [ 134, 388, 0, 380. ]
   - [ 135, 410, 0, 577. ]
   - [ 136, 4, 0, 1043. ]
   - [ 137, 384, 0, 837. ]
   - [ 138, 19, 0, 1548. ]
   - [ 139, 253, 0, 1125. ]
   - [ 140, 20, 0, 1730. ]
   - [ 141, 262, 0, 441. ]
   - [ 142, 450, 0, 1054. ]
   - [ 143, 459, 0, 884. ]
   - [ 144, 12, 0, 1371. ]
   - [ 145, 459, 0, 829. ]
   - [ 146, 368, 0, 1067. ]
   - [ 147, 264, 0, 831. ]
   - [ 148, 450, 0, 1111. ]
   - [ 149, 469, 0, 594. ]
   - [ 150, 190, 0, 910. ]
   - [ 151, 406, 0, 924. ]
   - [ 152, 324, 0, 1193. ]
   - [ 153, 428, 0, 985. ]
   - [ 154, 207, 0, 1314. ]
   - [ 155, 186, 0, 1168. ]
   - [ 156, 377, 0, 978. ]
   - [ 157, 337, 0, 852. ]
   - [ 158, 376, 0, 1275. ]
   - [ 159, 310, 0, 1140. ]
   - [ 160, 83, 0, 820. ]
   - [ 161, 284, 0, 1404. ]
   - [ 162, 493, 0, 915. ]
   - [ 163, 384, 0, 538. ]
   - [ 164, 415, 0, 1236. ]
   - [ 165, 480, 0, 877. ]
   - [ 166, 423, 0, 1215. ]
   - [ 167, 360, 0, 802. ]
   - [ 168, 355, 0, 1172. ]
   - [ 169, 186, 0, 1188. ]
   - [ 170, 186, 0, 1207. ]
   - [ 171, 327, 0, 1484. ]
   - [ 172, 368, 0, 923. ]
   - [ 173, 429, 0, 1159. ]
   - [ 174, 128, 0, 1179. ]
   - [ 175, 415, 0, 983. ]
   - [ 176, 309, 0, 1015. ]
   - [ 177, 9, 0, 1201. ]
   - [ 178, 410, 0, 1364. ]
   - [ 179, 408, 0, 1062. ]
   - [ 180, 410, 0, 510. ]
   - [ 181, 488, 0, 940. ]
   - [ 182, 345, 0, 767. ]
   - [ 183, 475, 0, 985. ]
   - [ 184, 388, 0, 733. ]
   - [ 185, 258, 0, 1390. ]
   - [ 186, 440, 0, 1050. ]
   - [ 187, 405, 0, 655. ]
   - [ 188, 352, 0, 731. ]
   - [ 189, 458, 0, 1023. ]
   - [ 190, 393, 0, 1003. ]
   - [ 191, 393, 0, 858. ]
   - [ 192, 488, 0, 598. ]
   - [ 193, 329, 0, 848. ]
   - [ 194, 258, 0, 1348. ]
   - [ 195, 199, 0, 1331. ]
   - [ 196, 213, 0, 1071. ]
   - [ 197, 98, 0, 1132. ]
   - [ 198, 376, 0, 1368. ]
   - [ 199, 140, 0, 1135. ]
   - [ 200, 3, 0, 1487. ]
   - [ 201, 461, 0, 830. ]
   - [ 202, 102, 0, 992. ]
   - [ 203, 16, 0, 1130. ]
   - [ 204, 407, 0, 910. ]
   - [ 205, 474, 0, 716. ]
   - [ 206, 410, 0, 606. ]
   - [ 207, 493, 0, 985. ]
   - [ 208, 12, 0, 1736. ]
   - [ 209, 333, 0, 631. ]
   - [ 210, 113, 0, 749. ]
   - [ 211, 344, 0, 620. ]
   - [ 212, 459, 0, 940. ]
   - [ 213, 59, 0, 1341. ]
   - [ 214, 377, 0, 1007. ]
   - [ 215, 29, 0, 1602. ]
   - [ 216, 453, 0, 960. ]
   - [ 217, 401, 0, 567. ]
   - [ 218, 344, 0, 754. ]
   - [ 219, 429, 0, 1043. ]
   - [ 220, 493, 0, 904. ]
   - [ 221, 4, 0, 832. ]
   - [ 222, 388, 0, 866. ]
   - [ 223, 1, 0, 1416. ]
   - [ 224, 21, 0, 1309. ]
   - [ 225, 382, 0, 1233. ]
   - [ 226, 388, 0, 901. ]
   - [ 227, 428, 0, 884. ]
   - [ 228, 384, 0, 770. ]
   - [ 229, 43, 0, 1491. ]
   - [ 230, 432, 0, 968. ]
   - [ 231, 384, 0, 935. ]
   - [ 232, 388, 0, 652. ]
   - [ 233, 337, 0, 911. ]
   - [ 234, 469, 0, 526. ]
   - [ 235, 384, 0, 731. ]
   - [ 236, 195, 0, 862. ]
   - [ 237, 410, 0, 999. ]
   - [ 238, 212, 0, 605. ]
   - [ 239, 401, 0, 305. ]
   - [ 240, 264, 0, 1328. ]
   - [ 241, 71, 0, 1179. ]
   - [ 242, 309, 0, 1046. ]
   - [ 243, 406, 0, 811. ]
   - [ 244, 453, 0, 1339. ]
   - [ 245, 190, 0, 973. ]
   - [ 246, 388, 0, 1116. ]
   - [ 247, 405, 0, 1082. ]
   - [ 248, 450, 0, 1064. ]
   - [ 249, 384, 0, 589. ]
   - [ 250, 339, 0, 1103. ]
   - [ 251, 493, 0, 869. ]
   - [ 252, 334, 0, 889. ]
   - [ 253, 369, 0, 1324. ]
   - [ 254, 331, 0, 1437. ]
   - [ 255, 464, 0, 896. ]
   - [ 256, 452, 0, 797. ]
   - [ 257, 384, 0, 838. ]
   - [ 258, 368, 0, 936. ]
   - [ 259, 266, 0, 1291. ]
   - [ 260, 221, 0, 1448. ]
   - [ 261, 406, 0, 891. ]
   - [ 262, 269, 0, 1848. ]
   - [ 263, 298, 0, 1088. ]
   - [ 264, 453, 0, 1002. ]
   - [ 265, 434, 0, 856. ]
   - [ 266, 298, 0, 791. ]
   - [ 267, 474, 0, 657. ]
   - [ 268, 452, 0, 1087. ]
   - [ 269, 308, 0, 1401. ]
   - [ 270, 415, 0, 987. ]
   - [ 271, 101, 0, 1180. ]
   - [ 272, 11, 0, 972. ]
   - [ 273, 98, 0, 1089. ]
   - [ 274, 208, 0, 1658. ]
   - [ 275, 474, 0, 629. ]
   - [ 276, 113, 0, 757. ]
   - [ 277, 193, 0, 1366. ]
   - [ 278, 424, 0, 292. ]
   - [ 279, 469, 0, 1161. ]
   - [ 280, 215, 0, 1241. ]
   - [ 281, 23, 0, 1224. ]
   - [ 282, 94, 0, 939. ]
   - [ 283, 344, 0, 226. ]
   - [ 284, 488, 0, 667. ]
   - [ 285, 436, 0, 1133. ]
   - [ 286, 350, 0, 760. ]
   - [ 287, 52, 0, 1153. ]
   - [ 288, 410, 0, 906. ]
   - [ 289, 377, 0, 771. ]
   - [ 290, 198, 0, 982. ]
   - [ 291, 436, 0, 1368. ]
   - [ 292, 446, 0, 949. ]
   - [ 293, 415, 0, 662. ]
   - [ 294, 361, 0, 1015. ]
   - [ 295, 424, 0, 831. ]
