%YAML:1.0
---
Matches:
   - [ 0, 485, 0, 3.3513430786132813e+02 ]
   - [ 1, 88, 0, 2.9524395751953125e+02 ]
   - [ 2, 27, 0, 2.9126962280273438e+02 ]
   - [ 3, 184, 0, 3.3065994262695313e+02 ]
   - [ 4, 368, 0, 3.7306567382812500e+02 ]
   - [ 5, 113, 0, 2.2956480407714844e+02 ]
   - [ 6, 99, 0, 3.3148303222656250e+02 ]
   - [ 7, 377, 0, 2.3183830261230469e+02 ]
   - [ 8, 459, 0, 2.9320129394531250e+02 ]
   - [ 9, 146, 0, 3.1846820068359375e+02 ]
   - [ 10, 247, 0, 3.4797845458984375e+02 ]
   - [ 11, 384, 0, 2.2886895751953125e+02 ]
   - [ 12, 450, 0, 3.0679309082031250e+02 ]
   - [ 13, 345, 0, 2.8615029907226563e+02 ]
   - [ 14, 186, 0, 2.6643011474609375e+02 ]
   - [ 15, 8, 0, 2.8897576904296875e+02 ]
   - [ 16, 469, 0, 2.2612606811523438e+02 ]
   - [ 17, 388, 0, 2.2817318725585938e+02 ]
   - [ 18, 72, 0, 3.2843112182617188e+02 ]
   - [ 19, 384, 0, 2.8655541992187500e+02 ]
   - [ 20, 47, 0, 2.5613864135742188e+02 ]
   - [ 21, 327, 0, 3.4098974609375000e+02 ]
   - [ 22, 47, 0, 2.2432788085937500e+02 ]
   - [ 23, 285, 0, 2.7877947998046875e+02 ]
   - [ 24, 31, 0, 3.5737796020507813e+02 ]
   - [ 25, 303, 0, 3.1246438598632813e+02 ]
   - [ 26, 388, 0, 1.7951602172851563e+02 ]
   - [ 27, 466, 0, 3.8114169311523438e+02 ]
   - [ 28, 465, 0, 2.7078036499023438e+02 ]
   - [ 29, 465, 0, 2.7852468872070313e+02 ]
   - [ 30, 387, 0, 3.3792010498046875e+02 ]
   - [ 31, 46, 0, 3.1559152221679688e+02 ]
   - [ 32, 7, 0, 1.9080880737304688e+02 ]
   - [ 33, 415, 0, 3.5409039306640625e+02 ]
   - [ 34, 4, 0, 2.4011871337890625e+02 ]
   - [ 35, 285, 0, 2.6631747436523438e+02 ]
   - [ 36, 244, 0, 3.0628909301757813e+02 ]
   - [ 37, 229, 0, 3.4847668457031250e+02 ]
   - [ 38, 7, 0, 3.1380249023437500e+02 ]
   - [ 39, 143, 0, 2.9853811645507813e+02 ]
   - [ 40, 46, 0, 3.0147967529296875e+02 ]
   - [ 41, 384, 0, 2.1892921447753906e+02 ]
   - [ 42, 345, 0, 2.3840721130371094e+02 ]
   - [ 43, 120, 0, 1.9552493286132813e+02 ]
   - [ 44, 320, 0, 3.0866973876953125e+02 ]
   - [ 45, 203, 0, 2.4841699218750000e+02 ]
   - [ 46, 4, 0, 2.6540722656250000e+02 ]
   - [ 47, 337, 0, 2.4453221130371094e+02 ]
   - [ 48, 161, 0, 3.0299340820312500e+02 ]
   - [ 49, 94, 0, 2.4615849304199219e+02 ]
   - [ 50, 143, 0, 2.3691348266601563e+02 ]
   - [ 51, 319, 0, 3.4420632934570313e+02 ]
   - [ 52, 256, 0, 3.3160217285156250e+02 ]
   - [ 53, 120, 0, 1.5361640930175781e+02 ]
   - [ 54, 345, 0, 2.3514251708984375e+02 ]
   - [ 55, 478, 0, 3.2750878906250000e+02 ]
   - [ 56, 46, 0, 3.4316467285156250e+02 ]
   - [ 57, 89, 0, 2.3377339172363281e+02 ]
   - [ 58, 465, 0, 3.3015298461914063e+02 ]
   - [ 59, 350, 0, 2.7431915283203125e+02 ]
   - [ 60, 5, 0, 2.3773304748535156e+02 ]
   - [ 61, 350, 0, 2.3870065307617188e+02 ]
   - [ 62, 461, 0, 2.2209907531738281e+02 ]
   - [ 63, 428, 0, 2.9757351684570313e+02 ]
   - [ 64, 260, 0, 3.8928909301757813e+02 ]
   - [ 65, 388, 0, 2.5965362548828125e+02 ]
   - [ 66, 468, 0, 3.1863458251953125e+02 ]
   - [ 67, 9, 0, 2.6880288696289063e+02 ]
   - [ 68, 414, 0, 3.4680975341796875e+02 ]
   - [ 69, 388, 0, 1.6838943481445313e+02 ]
   - [ 70, 388, 0, 3.2975292968750000e+02 ]
   - [ 71, 361, 0, 3.3789346313476563e+02 ]
   - [ 72, 135, 0, 4.0238290405273438e+02 ]
   - [ 73, 303, 0, 2.9954464721679688e+02 ]
   - [ 74, 30, 0, 3.3714685058593750e+02 ]
   - [ 75, 245, 0, 3.3289038085937500e+02 ]
   - [ 76, 245, 0, 3.5038836669921875e+02 ]
   - [ 77, 74, 0, 3.0403454589843750e+02 ]
   - [ 78, 71, 0, 2.3779402160644531e+02 ]
   - [ 79, 221, 0, 3.2209625244140625e+02 ]
   - [ 80, 195, 0, 2.3458047485351563e+02 ]
   - [ 81, 32, 0, 3.5205966186523438e+02 ]
   - [ 82, 52, 0, 3.8013549804687500e+02 ]
   - [ 83, 236, 0, 3.5191333007812500e+02 ]
   - [ 84, 344, 0, 2.2336293029785156e+02 ]
   - [ 85, 342, 0, 3.6936431884765625e+02 ]
   - [ 86, 120, 0, 2.5034176635742188e+02 ]
   - [ 87, 465, 0, 2.9923400878906250e+02 ]
   - [ 88, 59, 0, 2.9936099243164063e+02 ]
   - [ 89, 71, 0, 2.0772096252441406e+02 ]
   - [ 90, 4, 0, 2.5976528930664063e+02 ]
   - [ 91, 424, 0, 1.1791098022460938e+02 ]
   - [ 92, 41, 0, 2.0290145874023438e+02 ]
   - [ 93, 113, 0, 2.6780776977539063e+02 ]
   - [ 94, 416, 0, 2.5510194396972656e+02 ]
   - [ 95, 106, 0, 3.2468908691406250e+02 ]
   - [ 96, 446, 0, 2.4179122924804688e+02 ]
   - [ 97, 139, 0, 2.6929537963867188e+02 ]
   - [ 98, 271, 0, 2.2283625793457031e+02 ]
   - [ 99, 377, 0, 2.4744291687011719e+02 ]
   - [ 100, 165, 0, 3.4291253662109375e+02 ]
   - [ 101, 141, 0, 3.3622314453125000e+02 ]
   - [ 102, 213, 0, 3.0842178344726563e+02 ]
   - [ 103, 474, 0, 2.4205990600585938e+02 ]
   - [ 104, 388, 0, 2.5283789062500000e+02 ]
   - [ 105, 455, 0, 2.0829786682128906e+02 ]
   - [ 106, 4, 0, 2.8551358032226563e+02 ]
   - [ 107, 377, 0, 2.5724502563476563e+02 ]
   - [ 108, 357, 0, 2.7972845458984375e+02 ]
   - [ 109, 418, 0, 2.2107690429687500e+02 ]
   - [ 110, 326, 0, 2.1897944641113281e+02 ]
   - [ 111, 334, 0, 2.7133557128906250e+02 ]
   - [ 112, 490, 0, 2.9094845581054688e+02 ]
   - [ 113, 377, 0, 2.2701101684570313e+02 ]
   - [ 114, 293, 0, 3.0121917724609375e+02 ]
   - [ 115, 326, 0, 2.3836317443847656e+02 ]
   - [ 116, 120, 0, 2.6150717163085938e+02 ]
   - [ 117, 149, 0, 3.0129055786132813e+02 ]
   - [ 118, 257, 0, 3.6298486328125000e+02 ]
   - [ 119, 223, 0, 3.1368453979492188e+02 ]
   - [ 120, 191, 0, 3.4341375732421875e+02 ]
   - [ 121, 0, 0, 3.1667492675781250e+02 ]
   - [ 122, 150, 0, 2.5999807739257813e+02 ]
   - [ 123, 12, 0, 3.4978421020507813e+02 ]
   - [ 124, 382, 0, 3.5477035522460938e+02 ]
   - [ 125, 1, 0, 2.1829109191894531e+02 ]
   - [ 126, 410, 0, 3.3126272583007813e+02 ]
   - [ 127, 320, 0, 2.9144467163085938e+02 ]
   - [ 128, 388, 0, 1.8261708068847656e+02 ]
   - [ 129, 453, 0, 2.5687936401367188e+02 ]
   - [ 130, 387, 0, 3.2313000488281250e+02 ]
   - [ 131, 429, 0, 3.2877197265625000e+02 ]
   - [ 132, 418, 0, 2.8566763305664063e+02 ]
   - [ 133, 338, 0, 3.0742803955078125e+02 ]
   - [ 134, 388, 0, 1.3751364135742188e+02 ]
   - [ 135, 410, 0, 1.7416946411132813e+02 ]
   - [ 136, 4, 0, 2.9980160522460938e+02 ]
   - [ 137, 459, 0, 2.4956962585449219e+02 ]
   - [ 138, 356, 0, 3.9596716308593750e+02 ]
   - [ 139, 440, 0, 3.0673278808593750e+02 ]
   - [ 140, 20, 0, 4.2510940551757813e+02 ]
   - [ 141, 344, 0, 1.6885496520996094e+02 ]
   - [ 142, 4, 0, 3.0327874755859375e+02 ]
   - [ 143, 459, 0, 2.8688674926757813e+02 ]
   - [ 144, 389, 0, 3.5666510009765625e+02 ]
   - [ 145, 459, 0, 2.1047328186035156e+02 ]
   - [ 146, 368, 0, 3.0829043579101563e+02 ]
   - [ 147, 264, 0, 2.5983648681640625e+02 ]
   - [ 148, 400, 0, 3.0795291137695313e+02 ]
   - [ 149, 469, 0, 1.9784336853027344e+02 ]
   - [ 150, 190, 0, 2.4822167968750000e+02 ]
   - [ 151, 406, 0, 2.7093911743164063e+02 ]
   - [ 152, 324, 0, 2.9190924072265625e+02 ]
   - [ 153, 428, 0, 2.5876437377929688e+02 ]
   - [ 154, 207, 0, 3.0194039916992188e+02 ]
   - [ 155, 186, 0, 3.3203915405273438e+02 ]
   - [ 156, 377, 0, 2.5143984985351563e+02 ]
   - [ 157, 461, 0, 2.5036373901367188e+02 ]
   - [ 158, 58, 0, 3.2024209594726563e+02 ]
   - [ 159, 310, 0, 2.9899832153320313e+02 ]
   - [ 160, 344, 0, 2.4203099060058594e+02 ]
   - [ 161, 284, 0, 3.4890399169921875e+02 ]
   - [ 162, 493, 0, 2.7984460449218750e+02 ]
   - [ 163, 384, 0, 1.8762728881835938e+02 ]
   - [ 164, 387, 0, 3.1384869384765625e+02 ]
   - [ 165, 480, 0, 2.4910440063476563e+02 ]
   - [ 166, 448, 0, 3.5351239013671875e+02 ]
   - [ 167, 360, 0, 2.5418890380859375e+02 ]
   - [ 168, 355, 0, 3.0877175903320313e+02 ]
   - [ 169, 186, 0, 3.1749331665039063e+02 ]
   - [ 170, 186, 0, 2.9988830566406250e+02 ]
   - [ 171, 327, 0, 3.8443466186523438e+02 ]
   - [ 172, 368, 0, 2.7711550903320313e+02 ]
   - [ 173, 184, 0, 2.8304592895507813e+02 ]
   - [ 174, 165, 0, 3.0678167724609375e+02 ]
   - [ 175, 415, 0, 2.6161230468750000e+02 ]
   - [ 176, 309, 0, 2.8186700439453125e+02 ]
   - [ 177, 9, 0, 3.5838946533203125e+02 ]
   - [ 178, 410, 0, 3.2533981323242188e+02 ]
   - [ 179, 408, 0, 2.8184039306640625e+02 ]
